prioridad,negocio,categoria,dist_m,lat,lon,maps
1,Tienda Escolar Sin Nombre,café,2,18.424962,-97.370999,https://mitehuacan.mx/?ruta=41
1,Venta De Pan Casero Mr Dumpling,café,2,18.463368,-97.38943,https://mitehuacan.mx/?ruta=41
1,Cafe Sierra Negra,café,4,18.457574,-97.391481,https://mitehuacan.mx/?ruta=41
1,Cooperativa Escolar Sin Nombre Turno Matutino Escuela Primar,café,4,18.455339,-97.391516,https://mitehuacan.mx/?ruta=41
1,Tienda Escolar Primaria Ing Pastor Roauix Turno Vespertino,café,4,18.455339,-97.391516,https://mitehuacan.mx/?ruta=41
1,Cafeteria A & A Smoothies,café,5,18.465754,-97.391335,https://mitehuacan.mx/?ruta=41
1,Jugueria De Frutas El Naranjito,café,7,18.466879,-97.391429,https://mitehuacan.mx/?ruta=41
1,Jugueria Raquel,café,7,18.465925,-97.384707,https://mitehuacan.mx/?ruta=41
1,Jugueria El Oasis,café,11,18.465766,-97.38524,https://mitehuacan.mx/?ruta=41
1,Cafeteria La Suiza,café,14,18.459039,-97.389388,https://mitehuacan.mx/?ruta=41
1,Venta De Jugos El Sol,café,14,18.45473,-97.387763,https://mitehuacan.mx/?ruta=41
1,Desayunados Juquilita,café,16,18.456252,-97.389436,https://mitehuacan.mx/?ruta=41
1,Venta De Jugos Pety Frut,café,22,18.450306,-97.384206,https://mitehuacan.mx/?ruta=41
1,Cafeteria Calle Melancolia,café,26,18.454898,-97.391618,https://mitehuacan.mx/?ruta=41
1,Cafeteria Morentina,café,27,18.462982,-97.391163,https://mitehuacan.mx/?ruta=41
1,Caffe Arce,café,27,18.461948,-97.391178,https://mitehuacan.mx/?ruta=41
1,Cocina Economica Lolita,café,27,18.461948,-97.391178,https://mitehuacan.mx/?ruta=41
1,Jugueria La Esperanza,café,27,18.461948,-97.391178,https://mitehuacan.mx/?ruta=41
1,Refresqueria Y Jugueria Gemita,café,27,18.461948,-97.391178,https://mitehuacan.mx/?ruta=41
1,Elaboracion Y Venta De Bebidas Bobba Go,café,28,18.458623,-97.389801,https://mitehuacan.mx/?ruta=41
1,Venta De Jugos Super Jugos Curativos,café,34,18.458671,-97.391184,https://mitehuacan.mx/?ruta=41
1,Tienda Escolar Sin Nombre,café,36,18.465123,-97.387018,https://mitehuacan.mx/?ruta=41
1,Jugueria Sin Nombre,café,42,18.456472,-97.389978,https://mitehuacan.mx/?ruta=41
1,Venta De Aguas Sin Nombre,café,42,18.460548,-97.389868,https://mitehuacan.mx/?ruta=41
1,Tienda Escolar,café,46,18.419665,-97.375104,https://mitehuacan.mx/?ruta=41
1,Venta De Comida San Pedro,café,47,18.456585,-97.391976,https://mitehuacan.mx/?ruta=41
1,Cooperativa Los Niños Son Primero Escuela Primaria Manuel Av,café,55,18.456419,-97.391004,https://mitehuacan.mx/?ruta=41
1,Jugos De Naranja Isabel,café,62,18.464727,-97.384178,https://mitehuacan.mx/?ruta=41
1,Tienda Escolar Sin Nombre Escuela Primaria Manuel Avila Cama,café,62,18.456415,-97.390938,https://mitehuacan.mx/?ruta=41
1,Restauran Casa Rayon,café,63,18.462506,-97.392019,https://mitehuacan.mx/?ruta=41
1,Jugos Hernandez,café,82,18.461786,-97.390665,https://mitehuacan.mx/?ruta=41
1,Cooperativa Escolar Benito Juarez,café,88,18.446668,-97.381355,https://mitehuacan.mx/?ruta=41
1,Venta De Aguas Frescas Sin Nombre,café,88,18.458655,-97.390673,https://mitehuacan.mx/?ruta=41
1,Cafeteria Flor De Cafe,café,89,18.461501,-97.390292,https://mitehuacan.mx/?ruta=41
1,Ruta Cafe,café,93,18.459007,-97.388643,https://mitehuacan.mx/?ruta=41
1,Finca San Agustin Cafe,café,98,18.457938,-97.392445,https://mitehuacan.mx/?ruta=41
1,Endulzate Cafeteria,café,99,18.45526,-97.392499,https://mitehuacan.mx/?ruta=41
1,Jugos Y Tortas California,café,99,18.459495,-97.392424,https://mitehuacan.mx/?ruta=41
1,Cafeteria Coffe & Sando,café,102,18.460139,-97.392444,https://mitehuacan.mx/?ruta=41
1,Cafeteria Antara,café,110,18.463021,-97.392461,https://mitehuacan.mx/?ruta=41
1,Mr. Creping,café,110,18.464957,-97.392434,https://mitehuacan.mx/?ruta=41
1,Cafeteria Ceut,café,113,18.463635,-97.388377,https://mitehuacan.mx/?ruta=41
1,Cooperativa Escolar Tecnica 21,café,123,18.450507,-97.383185,https://mitehuacan.mx/?ruta=41
1,Cherry Food & Coffee,café,129,18.456997,-97.392748,https://mitehuacan.mx/?ruta=41
1,Delicrep,café,130,18.456734,-97.392756,https://mitehuacan.mx/?ruta=41
1,Cafeteria De La Universidad Upaep,café,131,18.441235,-97.381498,https://mitehuacan.mx/?ruta=41
1,Venta De Desayunos Sin Nombre,café,137,18.462891,-97.388139,https://mitehuacan.mx/?ruta=41
1,Heladeria Y Paleteria Creamy,café,139,18.454355,-97.392526,https://mitehuacan.mx/?ruta=41
1,La Casita De Dulces,café,142,18.453392,-97.39177,https://mitehuacan.mx/?ruta=41
1,Tiendas De Telefonos Distribuidor Autorizado Telcel Pamec,celulares,1,18.461441,-97.389465,https://mitehuacan.mx/?ruta=41
1,La Casa De La Tecnologia,celulares,2,18.461866,-97.389462,https://mitehuacan.mx/?ruta=41
1,Compra Venta De Refacciones Para Celular,celulares,4,18.464343,-97.3894,https://mitehuacan.mx/?ruta=41
1,Tienda De Telefonia Genius Movil,celulares,4,18.466822,-97.391325,https://mitehuacan.mx/?ruta=41
1,Compra Venta De Accesorios Para Celular La Reina,celulares,5,18.464143,-97.391352,https://mitehuacan.mx/?ruta=41
1,Compra Venta De Accesorios Para Celular Telef Mania,celulares,5,18.464369,-97.391348,https://mitehuacan.mx/?ruta=41
1,Compra Venta De Accesorios Para Celulares Technology Store,celulares,5,18.463817,-97.391357,https://mitehuacan.mx/?ruta=41
1,Tap-Cel,celulares,5,18.45989,-97.391429,https://mitehuacan.mx/?ruta=41
1,Technology Store,celulares,5,18.460025,-97.391426,https://mitehuacan.mx/?ruta=41
1,Tienda De Telefonia Pamec Telcel,celulares,5,18.461663,-97.391396,https://mitehuacan.mx/?ruta=41
1,Venta De Accesorios Para Celulares Varios,celulares,5,18.446599,-97.382203,https://mitehuacan.mx/?ruta=41
1,Dsitribuidor Autorizado Ultracel,celulares,6,18.464833,-97.391448,https://mitehuacan.mx/?ruta=41
1,J-Cell Accesorios,celulares,6,18.461313,-97.391509,https://mitehuacan.mx/?ruta=41
1,Reparacion De Computadoras Movil Cel Lap,celulares,6,18.464993,-97.391447,https://mitehuacan.mx/?ruta=41
1,Tienda De Accesorios Para Celulares Centro Cell,celulares,6,18.459377,-97.391553,https://mitehuacan.mx/?ruta=41
1,Tienda De Telefonos Autorizado Pamec Telcel,celulares,6,18.458876,-97.391448,https://mitehuacan.mx/?ruta=41
1,Accesorios Para Celular Telefonmania,celulares,7,18.459839,-97.391547,https://mitehuacan.mx/?ruta=41
1,Macropay,celulares,12,18.459805,-97.389379,https://mitehuacan.mx/?ruta=41
1,Macropay,celulares,12,18.460041,-97.389377,https://mitehuacan.mx/?ruta=41
1,Venta De Audio Y Computo Mitzu Electronicos,celulares,12,18.462677,-97.38932,https://mitehuacan.mx/?ruta=41
1,Accesorios Para Celular Cell Ma-Va,celulares,13,18.462758,-97.389318,https://mitehuacan.mx/?ruta=41
1,Venta De Telefonos Celulares Distribuidor Autorizado Telcel,celulares,13,18.461954,-97.391311,https://mitehuacan.mx/?ruta=41
1,Venta De Accesorios Para Celular Redi,celulares,15,18.45875,-97.389393,https://mitehuacan.mx/?ruta=41
1,Dan Audio Tienda De Electronica,celulares,16,18.456352,-97.389433,https://mitehuacan.mx/?ruta=41
1,Accesorios Para Celular Rom Cell,celulares,17,18.460917,-97.391298,https://mitehuacan.mx/?ruta=41
1,Tienda De Telefonos Distribuidor Autorizado Pamec Telcel,celulares,17,18.460765,-97.389624,https://mitehuacan.mx/?ruta=41
1,Venta De Celulares Celular World,celulares,17,18.460765,-97.389624,https://mitehuacan.mx/?ruta=41
1,Venta De Celulares Grupo Accel,celulares,17,18.460765,-97.389624,https://mitehuacan.mx/?ruta=41
1,Tienda De Accesorios Pra Celular Sin Nombre,celulares,20,18.462871,-97.391233,https://mitehuacan.mx/?ruta=41
1,Venta De Accesorios Telefonicos Dido Cell,celulares,22,18.460874,-97.389668,https://mitehuacan.mx/?ruta=41
1,Tienda De Telefonos Distribuidor Autorizado Pamec Telcel,celulares,23,18.458618,-97.389317,https://mitehuacan.mx/?ruta=41
1,Tienda De Telefonos Telcel,celulares,23,18.462948,-97.389655,https://mitehuacan.mx/?ruta=41
1,Accesorios De Celulares Vale Bu,celulares,26,18.458722,-97.389285,https://mitehuacan.mx/?ruta=41
1,Reparacion Y Accesorios Para Celular Sin Nombre,celulares,26,18.461574,-97.389692,https://mitehuacan.mx/?ruta=41
1,Accesorios Y Reparacion De Celulares Cell Master,celulares,27,18.461948,-97.391178,https://mitehuacan.mx/?ruta=41
1,Venta De Accesorios Telefonicos Y Electronicos La Casa Del C,celulares,28,18.460767,-97.389729,https://mitehuacan.mx/?ruta=41
1,Venta De Accesorios Para Celular Novedades Hernandez,celulares,29,18.460876,-97.389735,https://mitehuacan.mx/?ruta=41
1,Tienda De Accesorios Para Celular Nick Cell,celulares,33,18.460804,-97.391151,https://mitehuacan.mx/?ruta=41
1,Servicio Tecnico De Celulares El Vencedor,celulares,35,18.457442,-97.391188,https://mitehuacan.mx/?ruta=41
1,Tienda De Accesorios Para El Celular Accs Cell,celulares,36,18.460803,-97.391122,https://mitehuacan.mx/?ruta=41
1,Venta De Accesorios Para Celular Cell-Tab,celulares,36,18.464852,-97.391052,https://mitehuacan.mx/?ruta=41
1,Venta De Accesorios Para Celulares Celular Tab,celulares,37,18.460822,-97.391807,https://mitehuacan.mx/?ruta=41
1,Tienda De Accesorios Para El Celular City Cell,celulares,43,18.46194,-97.391027,https://mitehuacan.mx/?ruta=41
1,King Memori,celulares,46,18.460751,-97.389027,https://mitehuacan.mx/?ruta=41
1,Unlock Cell Andy Venta De Articulos Para Celulares,celulares,46,18.458629,-97.389972,https://mitehuacan.mx/?ruta=41
1,Tecnology Estore,celulares,47,18.46075,-97.389018,https://mitehuacan.mx/?ruta=41
1,Accesorios Para Celular Sin Nombre,celulares,54,18.460828,-97.391975,https://mitehuacan.mx/?ruta=41
1,Venta De Display Para Celulares House Cel,celulares,54,18.460828,-97.391975,https://mitehuacan.mx/?ruta=41
1,Grupo Accel Tienda De Telefonos Celulares De Telcel,celulares,61,18.462892,-97.391991,https://mitehuacan.mx/?ruta=41
1,Celular Wort,celulares,66,18.460796,-97.390838,https://mitehuacan.mx/?ruta=41
1,Compra Venta De Accesorios Para Celular Accesorios Una Hora ,celulares,68,18.464835,-97.390085,https://mitehuacan.mx/?ruta=41
1,Compra Venta De Refacciones Para Celulares Iplus Refacciones,celulares,68,18.464835,-97.390085,https://mitehuacan.mx/?ruta=41
1,Tienda De Accesorios Para El Celular Centro Cell,celulares,70,18.462305,-97.390762,https://mitehuacan.mx/?ruta=41
1,House - Cel,celulares,71,18.460746,-97.38879,https://mitehuacan.mx/?ruta=41
1,Yeyi Cell Accesorios Y Reparacion,celulares,73,18.458698,-97.392199,https://mitehuacan.mx/?ruta=41
1,Novedades Fabys,celulares,76,18.460746,-97.388752,https://mitehuacan.mx/?ruta=41
1,Tienda De Accesorios Para Celulares Dido Cell,celulares,78,18.460835,-97.392196,https://mitehuacan.mx/?ruta=41
1,Reparacion Y Accesorios Movile Zone,celulares,80,18.460781,-97.390222,https://mitehuacan.mx/?ruta=41
1,Grupo Accel,celulares,84,18.458657,-97.390711,https://mitehuacan.mx/?ruta=41
1,Macropay,celulares,84,18.460713,-97.390664,https://mitehuacan.mx/?ruta=41
1,Venta De Celulares Cellular Wordl,celulares,84,18.458657,-97.390711,https://mitehuacan.mx/?ruta=41
1,Accesorios Y Novedades Panda,celulares,85,18.4609,-97.390654,https://mitehuacan.mx/?ruta=41
1,Distribuidor Autorizado Movistar,celulares,89,18.461501,-97.390292,https://mitehuacan.mx/?ruta=41
1,Venta De Accesorios Para Celular Cell Phone,celulares,89,18.460791,-97.39062,https://mitehuacan.mx/?ruta=41
1,Venta De Refacciones Para Celulares Celular Center,celulares,89,18.461501,-97.390292,https://mitehuacan.mx/?ruta=41
1,Compra Venta De Accesorios Para Celular Life Style,celulares,90,18.462976,-97.390565,https://mitehuacan.mx/?ruta=41
1,Tienda De Telefonos Distribuidor Autorizado Pamec Telcel,celulares,91,18.462848,-97.390304,https://mitehuacan.mx/?ruta=41
1,Venta De Accesorios Para Celular Case Store,celulares,92,18.461582,-97.390318,https://mitehuacan.mx/?ruta=41
1,Macropay,celulares,94,18.463938,-97.386968,https://mitehuacan.mx/?ruta=41
1,Telefonica Movistar,celulares,97,18.462854,-97.390503,https://mitehuacan.mx/?ruta=41
1,Venta De Telefonos Celulares Distribuidor Autorizado Telcel ,celulares,98,18.458583,-97.388607,https://mitehuacan.mx/?ruta=41
1,Celular Shop,celulares,100,18.459776,-97.392433,https://mitehuacan.mx/?ruta=41
1,Tienda De Telefonos Pamec Telcel,celulares,100,18.460943,-97.392408,https://mitehuacan.mx/?ruta=41
1,Venta De Accesorios Alpha Systems,celulares,101,18.459849,-97.392435,https://mitehuacan.mx/?ruta=41
1,Venta De Accesorios Para Celular Compu Planet,celulares,104,18.460787,-97.390449,https://mitehuacan.mx/?ruta=41
1,Tienda De Accesorios Para Celular Bas Prix,celulares,116,18.460133,-97.392572,https://mitehuacan.mx/?ruta=41
1,Venta De Accesorios Para Celular Digo Cell,celulares,120,18.46075,-97.392595,https://mitehuacan.mx/?ruta=41
1,Venta Y Reparacion De Celulares La Casa Del Celular Casa Cel,celulares,120,18.46075,-97.392595,https://mitehuacan.mx/?ruta=41
1,Venta De Accesorios Para Celular Sin Nombre,celulares,125,18.464879,-97.392569,https://mitehuacan.mx/?ruta=41
1,Cell Master,celulares,126,18.461176,-97.392646,https://mitehuacan.mx/?ruta=41
1,Technology Store,celulares,126,18.461222,-97.392646,https://mitehuacan.mx/?ruta=41
1,Tecnologia Inalambrica Del Itsmo,celulares,132,18.460856,-97.392705,https://mitehuacan.mx/?ruta=41
1,Reparacion Y Venta De Accesorios Telefonicos Ganac,celulares,137,18.462891,-97.388139,https://mitehuacan.mx/?ruta=41
1,Tmac Telcel Distribuidor Autorizado,celulares,141,18.460857,-97.39279,https://mitehuacan.mx/?ruta=41
1,Consultorio De Odontologia Integral Am,consultorio,0,18.460644,-97.389474,https://mitehuacan.mx/?ruta=41
1,Consultorio Medico Medicina General,consultorio,0,18.460672,-97.389473,https://mitehuacan.mx/?ruta=41
1,Podologia Xico,consultorio,1,18.465869,-97.38542,https://mitehuacan.mx/?ruta=41
1,Clinica Dental Bravo,consultorio,2,18.46589,-97.387915,https://mitehuacan.mx/?ruta=41
1,Consultorio De Similares,consultorio,2,18.461731,-97.389463,https://mitehuacan.mx/?ruta=41
1,Consultorio Medico Torrescano,consultorio,2,18.462645,-97.389454,https://mitehuacan.mx/?ruta=41
1,Consultorios Medicos Cisi,consultorio,2,18.441345,-97.380067,https://mitehuacan.mx/?ruta=41
1,Sanatorio El Nuevo Siglo,consultorio,2,18.465891,-97.388503,https://mitehuacan.mx/?ruta=41
1,Clinica De Control De Peso Rivere,consultorio,3,18.464802,-97.385864,https://mitehuacan.mx/?ruta=41
1,Consultorio De Odontologia Integral Y Ortodoncia,consultorio,3,18.454468,-97.390008,https://mitehuacan.mx/?ruta=41
1,Clinica Dental Diamante,consultorio,4,18.463319,-97.391369,https://mitehuacan.mx/?ruta=41
1,Clinica Dental Oral,consultorio,4,18.464794,-97.388322,https://mitehuacan.mx/?ruta=41
1,Clinica Imagen Dental Kids,consultorio,4,18.447024,-97.382513,https://mitehuacan.mx/?ruta=41
1,Consultorio De Cirugia,consultorio,4,18.447006,-97.382504,https://mitehuacan.mx/?ruta=41
1,Consultorio De Especialidad En Pediatria Y Nutricion Del Niñ,consultorio,4,18.464264,-97.389402,https://mitehuacan.mx/?ruta=41
1,Consultorio De Ginecologia Y Colposcopia,consultorio,4,18.464812,-97.388776,https://mitehuacan.mx/?ruta=41
1,Consultorio Dental Haim,consultorio,4,18.465736,-97.391336,https://mitehuacan.mx/?ruta=41
1,Consultorio Dental Sin Nombre,consultorio,4,18.464815,-97.388843,https://mitehuacan.mx/?ruta=41
1,Consultorio Medico Cims,consultorio,4,18.463156,-97.391375,https://mitehuacan.mx/?ruta=41
1,Consultorio Medico Sin Nombre,consultorio,4,18.449585,-97.383857,https://mitehuacan.mx/?ruta=41
1,Optica Visual Blue,consultorio,4,18.464793,-97.388274,https://mitehuacan.mx/?ruta=41
1,Servicio De Control De Peso,consultorio,4,18.463319,-97.391369,https://mitehuacan.mx/?ruta=41
1,Clinica De Rehabilitacion De Fisioterapia,consultorio,5,18.466563,-97.389381,https://mitehuacan.mx/?ruta=41
1,Clinica Dental Oral,consultorio,5,18.464753,-97.38727,https://mitehuacan.mx/?ruta=41
1,Consultorio Dental,consultorio,5,18.464721,-97.385108,https://mitehuacan.mx/?ruta=41
1,Consultorio Dental Macdent,consultorio,5,18.466563,-97.389381,https://mitehuacan.mx/?ruta=41
1,Consultorio Medico De Fundacion Best Similares,consultorio,5,18.450414,-97.384587,https://mitehuacan.mx/?ruta=41
1,Consultorio Medico De Fundacion Best Similares Fundacion Bes,consultorio,5,18.450414,-97.384587,https://mitehuacan.mx/?ruta=41
1,Consultorio Medico De Similares,consultorio,5,18.461645,-97.391396,https://mitehuacan.mx/?ruta=41
1,Consultorio Medico Pediatrico Sin Nombre,consultorio,5,18.463482,-97.391363,https://mitehuacan.mx/?ruta=41
1,Consultorio Medico Similares,consultorio,5,18.461609,-97.391397,https://mitehuacan.mx/?ruta=41
1,Consultorio Medico Sin Nombre,consultorio,5,18.450607,-97.384734,https://mitehuacan.mx/?ruta=41
1,Dental San Jose,consultorio,5,18.459962,-97.391428,https://mitehuacan.mx/?ruta=41
1,Clinica Dental Integral Rie,consultorio,6,18.458437,-97.391574,https://mitehuacan.mx/?ruta=41
1,Consultorio De Psicologia,consultorio,6,18.464833,-97.391448,https://mitehuacan.mx/?ruta=41
1,Consultorio Dental Dentisar,consultorio,6,18.450983,-97.384902,https://mitehuacan.mx/?ruta=41
1,Consultorio Dental Ortodoncia Homeopatia,consultorio,6,18.461666,-97.3915,https://mitehuacan.mx/?ruta=41
1,Consultorio Dental San Pablo,consultorio,6,18.46154,-97.391503,https://mitehuacan.mx/?ruta=41
1,Consultorio Dental Sin Nombre,consultorio,6,18.465621,-97.391441,https://mitehuacan.mx/?ruta=41
1,Medico Pediatra,consultorio,6,18.461286,-97.39151,https://mitehuacan.mx/?ruta=41
1,Centro De Rehabilitacion Olin,consultorio,7,18.466173,-97.391436,https://mitehuacan.mx/?ruta=41
1,Clinica Dermatofuncional,consultorio,7,18.466173,-97.391436,https://mitehuacan.mx/?ruta=41
1,Consultorio Dental,consultorio,7,18.466101,-97.391436,https://mitehuacan.mx/?ruta=41
1,Consultorio Dental Dentely,consultorio,7,18.452247,-97.385861,https://mitehuacan.mx/?ruta=41
1,Consultorio Dental Olmos,consultorio,7,18.459902,-97.391546,https://mitehuacan.mx/?ruta=41
1,Spa Jenn,consultorio,7,18.466173,-97.391436,https://mitehuacan.mx/?ruta=41
1,Consultoriode Terapia Diego,consultorio,8,18.466949,-97.39026,https://mitehuacan.mx/?ruta=41
1,Consultorio De Medicina General Sin Nombre,consultorio,9,18.454331,-97.388456,https://mitehuacan.mx/?ruta=41
1,Consultorio Dental Sonrie,consultorio,9,18.456002,-97.391615,https://mitehuacan.mx/?ruta=41
1,Consultorio Medico Mediem Medicina Empresarial,consultorio,9,18.456002,-97.391615,https://mitehuacan.mx/?ruta=41
1,Consultorio Psicologico Efecto Mariposa,consultorio,9,18.465955,-97.388643,https://mitehuacan.mx/?ruta=41
1,Consultorio Medico Rogelio Miranda Ruiz,consultorio,12,18.462947,-97.389551,https://mitehuacan.mx/?ruta=41
1,Laboratorio Dental Los Angeles,consultorio,12,18.465766,-97.389388,https://mitehuacan.mx/?ruta=41
1,Galez Centro Odontologico,consultorio,13,18.459528,-97.389383,https://mitehuacan.mx/?ruta=41
1,Clinica Dental Ardent Odontologia Integral,consultorio,14,18.459148,-97.389387,https://mitehuacan.mx/?ruta=41
1,Consultorio Deltan Sin Nombre,consultorio,14,18.458894,-97.38939,https://mitehuacan.mx/?ruta=41
1,Consultorio Dental Dentihealth,consultorio,14,18.456886,-97.389445,https://mitehuacan.mx/?ruta=41
1,Consultorio Medico,consultorio,15,18.463427,-97.389299,https://mitehuacan.mx/?ruta=41
1,Consultorio Medico General,consultorio,15,18.458732,-97.389393,https://mitehuacan.mx/?ruta=41
1,Clinica Dental Familiar,consultorio,17,18.467008,-97.391492,https://mitehuacan.mx/?ruta=41
1,Clinica Dental Martinez,consultorio,17,18.462931,-97.389276,https://mitehuacan.mx/?ruta=41
1,Clinicasca Dental Safir,consultorio,17,18.464296,-97.389281,https://mitehuacan.mx/?ruta=41
1,Consultorio Dental Idental,consultorio,22,18.457501,-97.389772,https://mitehuacan.mx/?ruta=41
1,Consultorio Dental Sin Nombre,consultorio,22,18.465923,-97.384432,https://mitehuacan.mx/?ruta=41
1,Consultorio Dental Dental Center Rosmed,consultorio,24,18.465093,-97.389266,https://mitehuacan.mx/?ruta=41
1,Km Consultorio Dental,consultorio,24,18.464622,-97.388409,https://mitehuacan.mx/?ruta=41
1,Consultorio Medico Sin Nombre,consultorio,28,18.447903,-97.383344,https://mitehuacan.mx/?ruta=41
1,Consultorio Dental Prodental,consultorio,31,18.46516,-97.389394,https://mitehuacan.mx/?ruta=41
1,Clinica Dental Guadalupe,consultorio,32,18.462807,-97.389138,https://mitehuacan.mx/?ruta=41
1,Consultorio Medico Sin Nombre,consultorio,32,18.455122,-97.389467,https://mitehuacan.mx/?ruta=41
1,Consultorio Medico Fundacion Best,consultorio,36,18.460921,-97.391801,https://mitehuacan.mx/?ruta=41
1,Optometria Integral Tehuacan,consultorio,36,18.464863,-97.391735,https://mitehuacan.mx/?ruta=41
1,Global Psychological Service,consultorio,39,18.454075,-97.389604,https://mitehuacan.mx/?ruta=41
1,Psicoemociones Atencion Psicologica Integral,consultorio,39,18.454075,-97.389604,https://mitehuacan.mx/?ruta=41
1,Ortho Plus Clinica Dental,consultorio,40,18.464933,-97.391012,https://mitehuacan.mx/?ruta=41
1,Consultorio En Ginecologia Y Obstetricia,consultorio,42,18.464933,-97.390993,https://mitehuacan.mx/?ruta=41
1,Consultorio Dental,consultorio,45,18.457557,-97.391943,https://mitehuacan.mx/?ruta=41
1,Consultorio Dental Sin Nombre,consultorio,45,18.455004,-97.38947,https://mitehuacan.mx/?ruta=41
1,Local De Servicios Optica Tehuacan,consultorio,49,18.465436,-97.389265,https://mitehuacan.mx/?ruta=41
1,Consultorio Medico,consultorio,50,18.453957,-97.388694,https://mitehuacan.mx/?ruta=41
1,Clinica Dental A&R,consultorio,51,18.464832,-97.389924,https://mitehuacan.mx/?ruta=41
1,Clinica Dental Art,consultorio,51,18.467365,-97.39132,https://mitehuacan.mx/?ruta=41
1,Consultorio Dental Del Angel,consultorio,51,18.46541,-97.38694,https://mitehuacan.mx/?ruta=41
1,Axel Sport Terapia Fisica,consultorio,52,18.458694,-97.392,https://mitehuacan.mx/?ruta=41
1,Clinica Dental Puebla,consultorio,52,18.458694,-97.392,https://mitehuacan.mx/?ruta=41
1,Sanaury Control De Peso,consultorio,52,18.458694,-97.392,https://mitehuacan.mx/?ruta=41
1,Consultorio Dental Dental Luna,consultorio,53,18.466352,-97.386947,https://mitehuacan.mx/?ruta=41
1,Consultorio Medico De Fundacion Best,consultorio,53,18.458694,-97.392009,https://mitehuacan.mx/?ruta=41
1,Consultorio Medico De Fundacion Best Fin De Semana,consultorio,53,18.458694,-97.392009,https://mitehuacan.mx/?ruta=41
1,Consultorio Medico Fundacion Best Vespertino,consultorio,53,18.458694,-97.392009,https://mitehuacan.mx/?ruta=41
1,Optica Verbien,consultorio,53,18.460827,-97.391966,https://mitehuacan.mx/?ruta=41
1,Consultorio Dental Dental 4 Tehuacan,consultorio,54,18.460828,-97.391975,https://mitehuacan.mx/?ruta=41
1,Consultorio Nutricional Nutrifitnes,consultorio,54,18.460828,-97.391975,https://mitehuacan.mx/?ruta=41
1,Clinica Urologica De Tehuacan,consultorio,57,18.465966,-97.389952,https://mitehuacan.mx/?ruta=41
1,Servicio Dental Dental 24 Horass,consultorio,58,18.461574,-97.388895,https://mitehuacan.mx/?ruta=41
1,Consultorio Dental Sin Nombre,consultorio,60,18.46205,-97.390871,https://mitehuacan.mx/?ruta=41
1,Consultorio Dental Rehabilident,consultorio,61,18.457536,-97.390948,https://mitehuacan.mx/?ruta=41
1,Unidad De Medicina Integral De Tehuacan Eterno,consultorio,65,18.457016,-97.390908,https://mitehuacan.mx/?ruta=41
1,Kinesio Vida,consultorio,66,18.456989,-97.390197,https://mitehuacan.mx/?ruta=41
1,Ident Odontologia Integral Y Ortodoncia,consultorio,70,18.460832,-97.392127,https://mitehuacan.mx/?ruta=41
1,Consultorio Dental Consultorio Mona Lisa,consultorio,72,18.457352,-97.388885,https://mitehuacan.mx/?ruta=41
1,Consultorio Dental Sin Nombre,consultorio,73,18.458699,-97.38884,https://mitehuacan.mx/?ruta=41
1,Consultorio Medico Juan Luna Diaz,consultorio,73,18.458698,-97.392199,https://mitehuacan.mx/?ruta=41
1,Theramed,consultorio,75,18.46526,-97.383989,https://mitehuacan.mx/?ruta=41
1,Spa Pies Podologia,consultorio,76,18.46702,-97.39208,https://mitehuacan.mx/?ruta=41
1,Terapias Orientales Contacto Energetico,consultorio,76,18.46702,-97.39208,https://mitehuacan.mx/?ruta=41
1,Consultorio Dental May Dental Studio,consultorio,80,18.464926,-97.390632,https://mitehuacan.mx/?ruta=41
1,Consultorio Medico,consultorio,81,18.462859,-97.390654,https://mitehuacan.mx/?ruta=41
1,Consultorio Dental,consultorio,82,18.455426,-97.390383,https://mitehuacan.mx/?ruta=41
1,Nutriologa Consultorio,consultorio,82,18.467645,-97.391318,https://mitehuacan.mx/?ruta=41
1,Consultorio Medico Dental,consultorio,84,18.4587,-97.392303,https://mitehuacan.mx/?ruta=41
1,Consultorio Dental Ortidenth,consultorio,89,18.461501,-97.390292,https://mitehuacan.mx/?ruta=41
1,Mega Den Consultorio,consultorio,89,18.446759,-97.38338,https://mitehuacan.mx/?ruta=41
1,Consultorio Dental Vitaldent,consultorio,92,18.466697,-97.386949,https://mitehuacan.mx/?ruta=41
1,Consultorio Dental Sin Nombre,consultorio,95,18.462849,-97.390342,https://mitehuacan.mx/?ruta=41
1,Centro De Podologia De Tehuacan,consultorio,97,18.462784,-97.388522,https://mitehuacan.mx/?ruta=41
1,Consultorio Medico De Farmacia De Apollo,consultorio,98,18.458562,-97.392434,https://mitehuacan.mx/?ruta=41
1,Huesero,consultorio,98,18.457456,-97.388635,https://mitehuacan.mx/?ruta=41
1,Clinica Dental Juan Yusef,consultorio,99,18.455432,-97.392494,https://mitehuacan.mx/?ruta=41
1,Consultorio Dental Ortho Shine,consultorio,99,18.464874,-97.392323,https://mitehuacan.mx/?ruta=41
1,Consultorio Dental Sin Nombre,consultorio,99,18.464874,-97.392323,https://mitehuacan.mx/?ruta=41
1,Espacio Nutritivo,consultorio,99,18.464874,-97.392323,https://mitehuacan.mx/?ruta=41
1,Servicio Medico De Optometria Optishop,consultorio,99,18.464874,-97.392323,https://mitehuacan.mx/?ruta=41
1,Consultorio Dental,consultorio,100,18.462851,-97.390389,https://mitehuacan.mx/?ruta=41
1,Consultorio Medico Homeopatico,consultorio,101,18.46382,-97.392364,https://mitehuacan.mx/?ruta=41
1,Dental Martinez,consultorio,101,18.463947,-97.392362,https://mitehuacan.mx/?ruta=41
1,Consultorio Clinica Dental Molaris,consultorio,102,18.450876,-97.386233,https://mitehuacan.mx/?ruta=41
1,Consultorio De Similares,consultorio,103,18.460787,-97.39044,https://mitehuacan.mx/?ruta=41
1,Consultorio Medico Farmacias Similares,consultorio,103,18.460787,-97.39044,https://mitehuacan.mx/?ruta=41
1,Dental Veracruzana,consultorio,103,18.460741,-97.388487,https://mitehuacan.mx/?ruta=41
1,Consultorio Dental,consultorio,104,18.460896,-97.390474,https://mitehuacan.mx/?ruta=41
1,Clinica Dental Elident,consultorio,105,18.466815,-97.38554,https://mitehuacan.mx/?ruta=41
1,Consultorio Dental Dentirob,consultorio,105,18.460601,-97.392459,https://mitehuacan.mx/?ruta=41
1,Consultorio Dental Consuldent,consultorio,106,18.466923,-97.392368,https://mitehuacan.mx/?ruta=41
1,Excelsior Atencion Dental,consultorio,108,18.454871,-97.392511,https://mitehuacan.mx/?ruta=41
1,Clinica Dental Sin Nombre,consultorio,109,18.463461,-97.392443,https://mitehuacan.mx/?ruta=41
1,Creo Fisioterapeuta,consultorio,109,18.453451,-97.389795,https://mitehuacan.mx/?ruta=41
1,Clinica Britania,consultorio,112,18.467845,-97.38927,https://mitehuacan.mx/?ruta=41
1,Consultorio Dental,consultorio,115,18.464958,-97.392481,https://mitehuacan.mx/?ruta=41
1,Control De Peso Y Terapia Auricular Acupuntura,consultorio,116,18.460187,-97.392574,https://mitehuacan.mx/?ruta=41
1,Optica De Jesus,consultorio,122,18.464878,-97.392541,https://mitehuacan.mx/?ruta=41
1,Optica Galileo,consultorio,125,18.462777,-97.388257,https://mitehuacan.mx/?ruta=41
1,Clinica De Columna Ozonoterapia,consultorio,127,18.462777,-97.388238,https://mitehuacan.mx/?ruta=41
1,Podologia Salud Y Bienestar Para Sus Pies,consultorio,127,18.468056,-97.391412,https://mitehuacan.mx/?ruta=41
1,Optica Delabli,consultorio,128,18.457983,-97.392728,https://mitehuacan.mx/?ruta=41
1,Unidad Medica San Agustin,consultorio,128,18.457838,-97.392731,https://mitehuacan.mx/?ruta=41
1,Consultorio De Control De Peso Salut,consultorio,129,18.45687,-97.392752,https://mitehuacan.mx/?ruta=41
1,Clinica Dental Dr Jose Eduardo De Rosas Lopez,consultorio,130,18.456734,-97.392756,https://mitehuacan.mx/?ruta=41
1,Consultoria Y Asesoria Psicologica Particular,consultorio,130,18.456481,-97.392761,https://mitehuacan.mx/?ruta=41
1,Clinica Dental Gara,consultorio,132,18.462775,-97.38819,https://mitehuacan.mx/?ruta=41
1,Consultorio Dental,consultorio,134,18.463549,-97.384663,https://mitehuacan.mx/?ruta=41
1,Quiropractica Tradicional Y Masajista,consultorio,134,18.460144,-97.388213,https://mitehuacan.mx/?ruta=41
1,Clinica Dental Santa Maria,consultorio,135,18.455959,-97.387272,https://mitehuacan.mx/?ruta=41
1,Consultorio De Psicologia Sin Nombre,consultorio,137,18.444548,-97.382813,https://mitehuacan.mx/?ruta=41
1,Consultorio Doctor Sergio Avendano Aguilar,consultorio,137,18.462891,-97.388139,https://mitehuacan.mx/?ruta=41
1,Fisioterapia Sin Nombre,consultorio,139,18.4662,-97.38336,https://mitehuacan.mx/?ruta=41
1,Consultorio Medico,consultorio,142,18.454735,-97.392799,https://mitehuacan.mx/?ruta=41
1,Consultorio De Medicina Natural,consultorio,145,18.462889,-97.388063,https://mitehuacan.mx/?ruta=41
1,Consultorio Medico Agustin Pacheco Merlo,consultorio,147,18.458816,-97.392897,https://mitehuacan.mx/?ruta=41
1,Servicio Dental Smile Dental,consultorio,147,18.464883,-97.392778,https://mitehuacan.mx/?ruta=41
1,Consultorio Clínico Dental de Tehuacán,dentista,128,18.464981,-97.392605,https://mitehuacan.mx/?ruta=41
1,Tecni-Cell,electrónica,0,18.463106,-97.389438,https://mitehuacan.mx/?ruta=41
1,Reparacion De Celulares City Cell,electrónica,2,18.46353,-97.389425,https://mitehuacan.mx/?ruta=41
1,Servicio De Reparacion Yo Reparo,electrónica,2,18.463676,-97.38942,https://mitehuacan.mx/?ruta=41
1,Compra Venta De Accesorios Para Celular Cell Partes Puebla,electrónica,4,18.464001,-97.389409,https://mitehuacan.mx/?ruta=41
1,Renta De Videojuegos Y Maquinitas Sin Nombre,electrónica,4,18.464006,-97.389409,https://mitehuacan.mx/?ruta=41
1,Reparacion De Celulares Playstore,electrónica,4,18.464253,-97.389402,https://mitehuacan.mx/?ruta=41
1,Electronica Y Servicio Sin Nombre,electrónica,5,18.466753,-97.389379,https://mitehuacan.mx/?ruta=41
1,N Soluciones,electrónica,5,18.464957,-97.391343,https://mitehuacan.mx/?ruta=41
1,Renta De Videojuegos Xbox,electrónica,5,18.464278,-97.391349,https://mitehuacan.mx/?ruta=41
1,Servicio De Maquinitas De Videojuegos,electrónica,5,18.464061,-97.391353,https://mitehuacan.mx/?ruta=41
1,Servicio De Recargas De Cartuchos Ypc Computadoras,electrónica,5,18.461735,-97.391394,https://mitehuacan.mx/?ruta=41
1,Servicio De Reparacion De Celulares Alfa Cell,electrónica,5,18.4634,-97.391366,https://mitehuacan.mx/?ruta=41
1,Taller De Reparacion De Celulares Sin Nombre,electrónica,5,18.46426,-97.39135,https://mitehuacan.mx/?ruta=41
1,Tienda De Electronica Muebleria Tenorio,electrónica,5,18.460315,-97.391421,https://mitehuacan.mx/?ruta=41
1,7375 Mega Tehuacan Calle 3,electrónica,6,18.463832,-97.391461,https://mitehuacan.mx/?ruta=41
1,Compra Venta De Electrodomesticos,electrónica,6,18.464644,-97.39145,https://mitehuacan.mx/?ruta=41
1,Mantenimiento Y Reparacion De Computadoras Y Laptops Megaton,electrónica,6,18.464815,-97.391448,https://mitehuacan.mx/?ruta=41
1,Meaven S Tinteh Servicio Tecnico De Reparacion De Impresoras,electrónica,6,18.464806,-97.391448,https://mitehuacan.mx/?ruta=41
1,Mega Toners,electrónica,6,18.464843,-97.391448,https://mitehuacan.mx/?ruta=41
1,Renta De Video Juegos X-Box,electrónica,6,18.46154,-97.391503,https://mitehuacan.mx/?ruta=41
1,Servicio De Reparacion De Celulares Celular Center,electrónica,6,18.464392,-97.391452,https://mitehuacan.mx/?ruta=41
1,Reparacion De Celulaes Y Servicio Tecnico,electrónica,7,18.462345,-97.391493,https://mitehuacan.mx/?ruta=41
1,Venta Y Reparacion De Computadoras Equipa.Com,electrónica,7,18.4663,-97.391434,https://mitehuacan.mx/?ruta=41
1,Compu cell,electrónica,7,18.464465,-97.391463,https://mitehuacan.mx/?ruta=41
1,Taller De Reparacion De Celulares Sin Nombre,electrónica,8,18.454369,-97.390115,https://mitehuacan.mx/?ruta=41
1,Diario Primera Linea Periodico Digital,electrónica,9,18.454373,-97.390532,https://mitehuacan.mx/?ruta=41
1,Refrigeracion Gresa,electrónica,9,18.454373,-97.390532,https://mitehuacan.mx/?ruta=41
1,Reparacion De Telefonos Sin Nombre,electrónica,11,18.461293,-97.389346,https://mitehuacan.mx/?ruta=41
1,Servicio Electronico Eprom,electrónica,11,18.447757,-97.383091,https://mitehuacan.mx/?ruta=41
1,Venta De Material De Bocina Y Reparacion Tecnica Universal,electrónica,12,18.460153,-97.389375,https://mitehuacan.mx/?ruta=41
1,Electronica Osorio,electrónica,13,18.462803,-97.389317,https://mitehuacan.mx/?ruta=41
1,Reparacion De Celulares Fixcel,electrónica,16,18.463744,-97.389291,https://mitehuacan.mx/?ruta=41
1,Taller De Reparacion De Celulares Sin Nombre,electrónica,16,18.455877,-97.389751,https://mitehuacan.mx/?ruta=41
1,Taller De Reparacion De Pantallas Servicio Digitial,electrónica,17,18.464486,-97.389278,https://mitehuacan.mx/?ruta=41
1,Taller De Reparacion De Celulares Network Unlook,electrónica,19,18.460808,-97.391283,https://mitehuacan.mx/?ruta=41
1,Renta De Xbox,electrónica,22,18.461573,-97.389661,https://mitehuacan.mx/?ruta=41
1,Maquinitas Tragamonedas,electrónica,25,18.464568,-97.386951,https://mitehuacan.mx/?ruta=41
1,Videojuegos Sin Nombre,electrónica,27,18.461948,-97.391178,https://mitehuacan.mx/?ruta=41
1,Servicio Y Refacciones Castro,electrónica,34,18.460921,-97.391782,https://mitehuacan.mx/?ruta=41
1,Reparacion De Celulares Global Technology,electrónica,36,18.458612,-97.389194,https://mitehuacan.mx/?ruta=41
1,Tienda De Articulos Para Celular Gsm Un Looker,electrónica,37,18.457474,-97.389213,https://mitehuacan.mx/?ruta=41
1,Reparacion De Televisiones,electrónica,38,18.456537,-97.391171,https://mitehuacan.mx/?ruta=41
1,Tv Servicio Panasonic,electrónica,44,18.466912,-97.39178,https://mitehuacan.mx/?ruta=41
1,Repara Phohe,electrónica,45,18.460924,-97.391886,https://mitehuacan.mx/?ruta=41
1,Venta De Tortillas Sin Nombre,electrónica,45,18.449941,-97.384838,https://mitehuacan.mx/?ruta=41
1,Taller De Electronica Escorpion,electrónica,46,18.457469,-97.389128,https://mitehuacan.mx/?ruta=41
1,1562 Mega Tehuacan,electrónica,49,18.460826,-97.391925,https://mitehuacan.mx/?ruta=41
1,Reparacion De Telefonos Repara Phone,electrónica,51,18.46485,-97.39091,https://mitehuacan.mx/?ruta=41
1,Venta De Accesorios Celulares Computacion Y Repaciones De Ce,electrónica,55,18.460845,-97.388939,https://mitehuacan.mx/?ruta=41
1,Taller De Reparacion De Celulares Loby Reparaciones,electrónica,59,18.46493,-97.390831,https://mitehuacan.mx/?ruta=41
1,Videojuegos Sin Nombre,electrónica,63,18.450636,-97.38397,https://mitehuacan.mx/?ruta=41
1,Maquinitas Juegos Sin Nombre,electrónica,66,18.461579,-97.390071,https://mitehuacan.mx/?ruta=41
1,Taller De Reparacion De Celulares Moviles Azuani,electrónica,66,18.457435,-97.390894,https://mitehuacan.mx/?ruta=41
1,Steren,electrónica,68,18.462825,-97.388796,https://mitehuacan.mx/?ruta=41
1,Compra Venta De Audios Y Video,electrónica,75,18.460666,-97.390749,https://mitehuacan.mx/?ruta=41
1,Taller De Reparacion Electronica Arce,electrónica,76,18.465911,-97.38391,https://mitehuacan.mx/?ruta=41
1,Maquinitas Leo,electrónica,85,18.428535,-97.372802,https://mitehuacan.mx/?ruta=41
1,Reparacion De Celulares Salto Del Agua,electrónica,94,18.460898,-97.390569,https://mitehuacan.mx/?ruta=41
1,Reparacion De Copiadoras,electrónica,94,18.46472,-97.383874,https://mitehuacan.mx/?ruta=41
1,Taller De Compostura De Telefonia At&T,electrónica,94,18.457108,-97.39046,https://mitehuacan.mx/?ruta=41
1,Taller De Reparacion De Celulares Hospital Del Celular,electrónica,102,18.459994,-97.39244,https://mitehuacan.mx/?ruta=41
1,Refaccionaria Espinoza,electrónica,103,18.460945,-97.392436,https://mitehuacan.mx/?ruta=41
1,Servicio Tecnico Sin Nombre,electrónica,108,18.453431,-97.388486,https://mitehuacan.mx/?ruta=41
1,Refacciones Espinosa,electrónica,109,18.460947,-97.392493,https://mitehuacan.mx/?ruta=41
1,Reparaciones Telcel,electrónica,111,18.459309,-97.392541,https://mitehuacan.mx/?ruta=41
1,Taller De Reparacion De Celulares Tecnicel,electrónica,126,18.461502,-97.392641,https://mitehuacan.mx/?ruta=41
1,Reparacion De Celulares Y Venta De Accesorios Cell-Solutions,electrónica,127,18.451004,-97.386633,https://mitehuacan.mx/?ruta=41
1,Game Over Video Juegos,electrónica,128,18.458653,-97.392717,https://mitehuacan.mx/?ruta=41
1,Compra Y Venta Reparacion De Laptop Y Pc Mundo Lap,electrónica,132,18.46488,-97.392636,https://mitehuacan.mx/?ruta=41
1,Servicios De Computadoras Tehuacan,electrónica,137,18.462891,-97.388139,https://mitehuacan.mx/?ruta=41
1,Servicio De Video Juegos Sin Nombre,electrónica,146,18.456029,-97.387194,https://mitehuacan.mx/?ruta=41
1,Estetica Glamur,estética,0,18.465872,-97.386943,https://mitehuacan.mx/?ruta=41
1,Salones Y Clínicas De Belleza Y Peluquerías Sin Nombre,estética,0,18.429179,-97.375143,https://mitehuacan.mx/?ruta=41
1,Barberia Andrade,estética,1,18.419177,-97.374114,https://mitehuacan.mx/?ruta=41
1,Bliss Nails,estética,1,18.430026,-97.37115,https://mitehuacan.mx/?ruta=41
1,Estetica Unisex Sin Nombre,estética,1,18.421934,-97.374451,https://mitehuacan.mx/?ruta=41
1,Peluqueria Blanco Y Negro,estética,1,18.446509,-97.382287,https://mitehuacan.mx/?ruta=41
1,Peluqueria La Unica,estética,1,18.46587,-97.385544,https://mitehuacan.mx/?ruta=41
1,Salon De Belleza Sm,estética,1,18.456875,-97.389585,https://mitehuacan.mx/?ruta=41
1,Estetica Nais Fany,estética,2,18.419416,-97.37224,https://mitehuacan.mx/?ruta=41
1,Peluqueria El Varon,estética,2,18.46488,-97.384728,https://mitehuacan.mx/?ruta=41
1,Peluqueria Sin Nombre,estética,2,18.465889,-97.389196,https://mitehuacan.mx/?ruta=41
1,Studio 47,estética,2,18.430267,-97.37465,https://mitehuacan.mx/?ruta=41
1,Barbara Nery Salon De Belleza,estética,3,18.464812,-97.386642,https://mitehuacan.mx/?ruta=41
1,Barber Shop Y Aplicacion,estética,3,18.454469,-97.390188,https://mitehuacan.mx/?ruta=41
1,Estetica Color Sistem,estética,3,18.452128,-97.385887,https://mitehuacan.mx/?ruta=41
1,Estetica Kary Rios,estética,3,18.46597,-97.389449,https://mitehuacan.mx/?ruta=41
1,Estetica Maybelin,estética,3,18.464802,-97.385807,https://mitehuacan.mx/?ruta=41
1,Estetica Vero,estética,3,18.458889,-97.389495,https://mitehuacan.mx/?ruta=41
1,Peluqueria El Diamante,estética,3,18.464809,-97.386414,https://mitehuacan.mx/?ruta=41
1,Peluqueria Hair Stachion,estética,3,18.451747,-97.385598,https://mitehuacan.mx/?ruta=41
1,Salon De Belleza Divine,estética,3,18.464896,-97.389163,https://mitehuacan.mx/?ruta=41
1,Barberia Bronx,estética,4,18.463319,-97.391369,https://mitehuacan.mx/?ruta=41
1,Barberia Enchulame La Greña,estética,4,18.466577,-97.391328,https://mitehuacan.mx/?ruta=41
1,Estetica Katy,estética,4,18.425016,-97.373046,https://mitehuacan.mx/?ruta=41
1,Estetica Unisex Gloss,estética,4,18.447253,-97.38255,https://mitehuacan.mx/?ruta=41
1,Sala De Belleza By Paty Robles,estética,4,18.447584,-97.38281,https://mitehuacan.mx/?ruta=41
1,Sala De Belleza Sin Nombre,estética,4,18.450864,-97.384928,https://mitehuacan.mx/?ruta=41
1,Sala De Belleza Yuli,estética,4,18.455568,-97.38957,https://mitehuacan.mx/?ruta=41
1,Salon De Belleza Nale Studio,estética,4,18.466125,-97.391332,https://mitehuacan.mx/?ruta=41
1,Barberia Shop Ramos,estética,5,18.456744,-97.389535,https://mitehuacan.mx/?ruta=41
1,Decoracion De Uñas Estudio De Uñas Nancy Robles,estética,5,18.465826,-97.389265,https://mitehuacan.mx/?ruta=41
1,Estetica Fashion Nails,estética,5,18.464695,-97.391345,https://mitehuacan.mx/?ruta=41
1,Estetica Paris,estética,5,18.462269,-97.391382,https://mitehuacan.mx/?ruta=41
1,Estetica Sin Nombre,estética,5,18.464748,-97.387147,https://mitehuacan.mx/?ruta=41
1,Peluqueria Y Estetica El Gran Tocador,estética,5,18.465781,-97.391335,https://mitehuacan.mx/?ruta=41
1,Salon De Belleza La Bella Rose,estética,5,18.465021,-97.391342,https://mitehuacan.mx/?ruta=41
1,Tatuajes Aruma Coi,estética,5,18.462305,-97.391382,https://mitehuacan.mx/?ruta=41
1,Aplicacion De Tatuajes Iniestra In,estética,6,18.458446,-97.391574,https://mitehuacan.mx/?ruta=41
1,Barberia Rufus,estética,6,18.451234,-97.385092,https://mitehuacan.mx/?ruta=41
1,Estetica Dians,estética,6,18.45783,-97.39158,https://mitehuacan.mx/?ruta=41
1,Estetica Madoza,estética,6,18.459869,-97.38955,https://mitehuacan.mx/?ruta=41
1,Barberia Merimar,estética,7,18.464906,-97.389504,https://mitehuacan.mx/?ruta=41
1,Beauty Salon,estética,8,18.455785,-97.39162,https://mitehuacan.mx/?ruta=41
1,Estetica Tysharis,estética,8,18.456645,-97.391604,https://mitehuacan.mx/?ruta=41
1,Estetica Unisex,estética,8,18.466941,-97.39008,https://mitehuacan.mx/?ruta=41
1,Peluqueria Mexico,estética,8,18.454369,-97.390115,https://mitehuacan.mx/?ruta=41
1,Studio K Servicio De Uñas Y Cejas,estética,8,18.455866,-97.391618,https://mitehuacan.mx/?ruta=41
1,Nails Love Boutique,estética,9,18.457497,-97.389649,https://mitehuacan.mx/?ruta=41
1,Salon De Belleza Reine,estética,10,18.46699,-97.391217,https://mitehuacan.mx/?ruta=41
1,Estetica Rouse,estética,11,18.430158,-97.37379,https://mitehuacan.mx/?ruta=41
1,Estetica Unisex Gaby,estética,12,18.454533,-97.38948,https://mitehuacan.mx/?ruta=41
1,Peluqueria Y Barberia Papi Chulo,estética,13,18.459492,-97.389383,https://mitehuacan.mx/?ruta=41
1,Barberia Barberia Bandoleros,estética,14,18.457203,-97.389435,https://mitehuacan.mx/?ruta=41
1,Estetica Estetica Unisex Luz,estética,14,18.457275,-97.389432,https://mitehuacan.mx/?ruta=41
1,Instituto De Belleza Essence,estética,14,18.465744,-97.389265,https://mitehuacan.mx/?ruta=41
1,Barberia Mamalon,estética,15,18.464826,-97.389582,https://mitehuacan.mx/?ruta=41
1,Estitica Unisex Estilo Y Color,estética,16,18.463581,-97.389293,https://mitehuacan.mx/?ruta=41
1,Drean Lashes Aplicacion De Pestañas,estética,18,18.465702,-97.386422,https://mitehuacan.mx/?ruta=41
1,Estetica Unisex,estética,20,18.4533,-97.387106,https://mitehuacan.mx/?ruta=41
1,Barberia Sin Nombre,estética,21,18.429317,-97.374266,https://mitehuacan.mx/?ruta=41
1,Estetica Sin Nombre,estética,21,18.46465,-97.388408,https://mitehuacan.mx/?ruta=41
1,Barber Shop Big Boy,estética,24,18.457483,-97.389336,https://mitehuacan.mx/?ruta=41
1,Peluqueria Mundo,estética,24,18.465649,-97.385855,https://mitehuacan.mx/?ruta=41
1,Estetica Fashion Nails,estética,25,18.461493,-97.389685,https://mitehuacan.mx/?ruta=41
1,Estetica New Colors,estética,27,18.456573,-97.391786,https://mitehuacan.mx/?ruta=41
1,Marme Nails,estética,27,18.420079,-97.376047,https://mitehuacan.mx/?ruta=41
1,Servicio De Spa,estética,28,18.458623,-97.389801,https://mitehuacan.mx/?ruta=41
1,Estetica Unisex Estilo,estética,30,18.457479,-97.389279,https://mitehuacan.mx/?ruta=41
1,Aplicacion De Uñas Yadis Nails,estética,31,18.457456,-97.391814,https://mitehuacan.mx/?ruta=41
1,Concepto Estilistas,estética,31,18.456359,-97.389877,https://mitehuacan.mx/?ruta=41
1,Peluqueria Santa Monica,estética,31,18.450423,-97.384182,https://mitehuacan.mx/?ruta=41
1,Estetica Monica Vianey,estética,33,18.415149,-97.368713,https://mitehuacan.mx/?ruta=41
1,Estetica Nicte-Ha,estética,36,18.464469,-97.386953,https://mitehuacan.mx/?ruta=41
1,Salon De Belleza Y Spa Valtoria,estética,36,18.450134,-97.383915,https://mitehuacan.mx/?ruta=41
1,Estetica Aurora,estética,37,18.465106,-97.385868,https://mitehuacan.mx/?ruta=41
1,Estetica Danely,estética,37,18.45867,-97.391156,https://mitehuacan.mx/?ruta=41
1,Estetica Centro De Belleza Vanity,estética,39,18.457441,-97.39115,https://mitehuacan.mx/?ruta=41
1,Estetica Sin Nombre,estética,39,18.421142,-97.374828,https://mitehuacan.mx/?ruta=41
1,Estetica Bella,estética,40,18.446415,-97.382673,https://mitehuacan.mx/?ruta=41
1,Lady Barber Shop,estética,40,18.454399,-97.391433,https://mitehuacan.mx/?ruta=41
1,Centro Estetico Carmen,estética,42,18.460849,-97.389062,https://mitehuacan.mx/?ruta=41
1,Estetica Mago,estética,44,18.464912,-97.389855,https://mitehuacan.mx/?ruta=41
1,Peluqueria Varela,estética,44,18.46088,-97.389877,https://mitehuacan.mx/?ruta=41
1,Barber Shop Barracuda,estética,47,18.464932,-97.390945,https://mitehuacan.mx/?ruta=41
1,Estetica Chelys,estética,47,18.464832,-97.389886,https://mitehuacan.mx/?ruta=41
1,Estetica New York,estética,47,18.415,-97.367998,https://mitehuacan.mx/?ruta=41
1,Estetica Unisex Sin Nombre,estética,47,18.457557,-97.391962,https://mitehuacan.mx/?ruta=41
1,Peluqueria,estética,47,18.429848,-97.371914,https://mitehuacan.mx/?ruta=41
1,Aplicacion De Uñas Shey Nails,estética,48,18.464405,-97.388419,https://mitehuacan.mx/?ruta=41
1,Estetica Osiris Estudio,estética,50,18.466421,-97.390359,https://mitehuacan.mx/?ruta=41
1,Barberia Ballesteros Barber Shop,estética,51,18.464832,-97.389924,https://mitehuacan.mx/?ruta=41
1,Estetica Sin Nombre,estética,51,18.466327,-97.387022,https://mitehuacan.mx/?ruta=41
1,Estetica Sin Nombre,estética,51,18.454691,-97.387248,https://mitehuacan.mx/?ruta=41
1,Blessed Academy Escuela De Estilismo,estética,52,18.458694,-97.392,https://mitehuacan.mx/?ruta=41
1,Peluqueria El Arte,estética,52,18.461577,-97.389939,https://mitehuacan.mx/?ruta=41
1,Barber Shop Sin Nombre,estética,53,18.45589,-97.38881,https://mitehuacan.mx/?ruta=41
1,Curvilenea Curvilinea Spa,estética,54,18.460828,-97.391975,https://mitehuacan.mx/?ruta=41
1,Estetica Tellez,estética,54,18.430377,-97.371829,https://mitehuacan.mx/?ruta=41
1,Clinica Y Spa Zazil Ha,estética,55,18.455479,-97.387839,https://mitehuacan.mx/?ruta=41
1,Salon De Uñas D Nails,estética,58,18.454373,-97.391621,https://mitehuacan.mx/?ruta=41
1,Estetica Unisex Sin Nombre,estética,62,18.458663,-97.390919,https://mitehuacan.mx/?ruta=41
1,Barberia Crisis Estudio,estética,64,18.462977,-97.390812,https://mitehuacan.mx/?ruta=41
1,Servicio De Tatuajes Perforaciones Barberia Crisis Estudio,estética,64,18.462977,-97.390812,https://mitehuacan.mx/?ruta=41
1,Servicio De Belleza,estética,67,18.455851,-97.39023,https://mitehuacan.mx/?ruta=41
1,Servicio De Tatuajes Ramons Tattoo,estética,68,18.464835,-97.390085,https://mitehuacan.mx/?ruta=41
1,Spa Oh My Lashes,estética,68,18.464835,-97.390085,https://mitehuacan.mx/?ruta=41
1,Barberia Kings,estética,69,18.464928,-97.390737,https://mitehuacan.mx/?ruta=41
1,Barberia Orienestair,estética,69,18.466158,-97.384054,https://mitehuacan.mx/?ruta=41
1,Estetica Amairany,estética,69,18.418331,-97.375746,https://mitehuacan.mx/?ruta=41
1,Estetica Athelier,estética,69,18.464917,-97.390092,https://mitehuacan.mx/?ruta=41
1,Diseños Lore,estética,70,18.453318,-97.387693,https://mitehuacan.mx/?ruta=41
1,Estetica Marce,estética,70,18.46754,-97.39142,https://mitehuacan.mx/?ruta=41
1,Estetica Unisex Interbel,estética,70,18.462495,-97.390763,https://mitehuacan.mx/?ruta=41
1,Amayo Tatuu,estética,71,18.466158,-97.384035,https://mitehuacan.mx/?ruta=41
1,Servicio De Tatuajes Veneno,estética,74,18.458423,-97.390239,https://mitehuacan.mx/?ruta=41
1,Peluqueria Sin Nombre,estética,75,18.419994,-97.374051,https://mitehuacan.mx/?ruta=41
1,Salon Y Spa Yetro,estética,76,18.467591,-97.391318,https://mitehuacan.mx/?ruta=41
1,Estetica Fashion Nails,estética,77,18.459724,-97.390751,https://mitehuacan.mx/?ruta=41
1,Estetica Unisex Ariana,estética,77,18.45976,-97.39075,https://mitehuacan.mx/?ruta=41
1,Peluqueria El Sol,estética,78,18.459118,-97.390754,https://mitehuacan.mx/?ruta=41
1,Tienda De Bisuteria Sin Nombre,estética,78,18.459244,-97.390753,https://mitehuacan.mx/?ruta=41
1,Barber Rs,estética,79,18.453926,-97.39152,https://mitehuacan.mx/?ruta=41
1,Estetica Nikolay,estética,80,18.425685,-97.37014,https://mitehuacan.mx/?ruta=41
1,Extencion De Pestañas Ross Lashes,estética,80,18.454411,-97.391897,https://mitehuacan.mx/?ruta=41
1,Estetica Maribel,estética,81,18.46089,-97.390227,https://mitehuacan.mx/?ruta=41
1,Estetica Sin Nombre,estética,81,18.450488,-97.385683,https://mitehuacan.mx/?ruta=41
1,Estudio De Arte Utopia Studio,estética,81,18.462859,-97.390654,https://mitehuacan.mx/?ruta=41
1,Perforaciones Para El Cuerpo Teocalli,estética,81,18.462859,-97.390654,https://mitehuacan.mx/?ruta=41
1,Tatoos Y Piercing Hackalo,estética,81,18.462859,-97.390654,https://mitehuacan.mx/?ruta=41
1,Peluqueria Del Valle,estética,82,18.456996,-97.390349,https://mitehuacan.mx/?ruta=41
1,Manhattan Studio,estética,84,18.464926,-97.390594,https://mitehuacan.mx/?ruta=41
1,Peluqueria El Avante,estética,84,18.451004,-97.383997,https://mitehuacan.mx/?ruta=41
1,Estetica Amore,estética,85,18.420061,-97.374141,https://mitehuacan.mx/?ruta=41
1,Estetica Unisex Sin Nombre,estética,85,18.446127,-97.381084,https://mitehuacan.mx/?ruta=41
1,Barberia The Kings Barber Shop,estética,89,18.454379,-97.386548,https://mitehuacan.mx/?ruta=41
1,Estetica Sanlops,estética,91,18.465882,-97.390277,https://mitehuacan.mx/?ruta=41
1,Estetica Violeta,estética,91,18.45379,-97.391518,https://mitehuacan.mx/?ruta=41
1,Estetica Unisex Faby,estética,92,18.458492,-97.388671,https://mitehuacan.mx/?ruta=41
1,Salon Beauty Denissa,estética,93,18.455696,-97.39048,https://mitehuacan.mx/?ruta=41
1,Estetica De Belleza Ivon,estética,94,18.456318,-97.388693,https://mitehuacan.mx/?ruta=41
1,Ballesteros Barber Shop,estética,95,18.46484,-97.390341,https://mitehuacan.mx/?ruta=41
1,Barberia Yankees,estética,98,18.459432,-97.392422,https://mitehuacan.mx/?ruta=41
1,Jatzibet Showroom & Nails,estética,98,18.457965,-97.392444,https://mitehuacan.mx/?ruta=41
1,Aplicacion De Tatuajes Leprosy,estética,100,18.455649,-97.39249,https://mitehuacan.mx/?ruta=41
1,Jerque Barber Shop Peluqueria,estética,100,18.453539,-97.390221,https://mitehuacan.mx/?ruta=41
1,Salon De Uñas Guapisima,estética,100,18.448063,-97.384201,https://mitehuacan.mx/?ruta=41
1,Barberia Pacheco,estética,102,18.460012,-97.39244,https://mitehuacan.mx/?ruta=41
1,Salon De Belleza Anna,estética,102,18.463874,-97.387047,https://mitehuacan.mx/?ruta=41
1,Estetica Jennie,estética,103,18.446335,-97.383304,https://mitehuacan.mx/?ruta=41
1,Salon De Belleza Alessandro Bernabehut,estética,111,18.464957,-97.392443,https://mitehuacan.mx/?ruta=41
1,Barber Estudio Barberia,estética,112,18.453332,-97.388196,https://mitehuacan.mx/?ruta=41
1,Bere Romero Salon,estética,112,18.453332,-97.388196,https://mitehuacan.mx/?ruta=41
1,Estetica Ibe,estética,113,18.457452,-97.388493,https://mitehuacan.mx/?ruta=41
1,Aplicacion De Uñas Studio Princess,estética,115,18.460006,-97.392567,https://mitehuacan.mx/?ruta=41
1,Studio De Tatuajes Sin Nombre,estética,116,18.461327,-97.392551,https://mitehuacan.mx/?ruta=41
1,Estetica Unisex Cataleya,estética,118,18.453342,-97.388527,https://mitehuacan.mx/?ruta=41
1,Estetica Yael,estética,119,18.446024,-97.383301,https://mitehuacan.mx/?ruta=41
1,Decoracion De Uñas Sin Nombre,estética,120,18.462778,-97.388304,https://mitehuacan.mx/?ruta=41
1,Lash Art,estética,124,18.456357,-97.387809,https://mitehuacan.mx/?ruta=41
1,Estetica Arelyn,estética,126,18.465897,-97.383436,https://mitehuacan.mx/?ruta=41
1,Barberia Santa Barber,estética,127,18.451004,-97.386633,https://mitehuacan.mx/?ruta=41
1,Tienda De Tatuajes Y Piercing Firme Tinta,estética,128,18.457368,-97.388354,https://mitehuacan.mx/?ruta=41
1,Barberia Cruz,estética,132,18.456371,-97.392784,https://mitehuacan.mx/?ruta=41
1,Centro De Belleza Lux,estética,132,18.456382,-97.392779,https://mitehuacan.mx/?ruta=41
1,Estetica Venecia,estética,132,18.455042,-97.39279,https://mitehuacan.mx/?ruta=41
1,Peluqueria Jesus,estética,139,18.450302,-97.382814,https://mitehuacan.mx/?ruta=41
1,Barberia Y Estetica Erikos,estética,140,18.447125,-97.384117,https://mitehuacan.mx/?ruta=41
1,Estetica Unisex Sin Nombre,estética,148,18.457364,-97.388164,https://mitehuacan.mx/?ruta=41
1,Farmacia Mas Vida Mas Salud,farmacia,1,18.446437,-97.382248,https://mitehuacan.mx/?ruta=41
1,Farmacias Similares,farmacia,2,18.461701,-97.389463,https://mitehuacan.mx/?ruta=41
1,Venta De Productos Farmaceuticos Botica Del Mercado,farmacia,2,18.459667,-97.389483,https://mitehuacan.mx/?ruta=41
1,Farmacia de apoyo,farmacia,2,18.460892,-97.391438,https://mitehuacan.mx/?ruta=41
1,Farmacia de Ahorro,farmacia,3,18.460775,-97.389493,https://mitehuacan.mx/?ruta=41
1,Farmacia De Apoyo Sucursal 26,farmacia,4,18.463361,-97.391368,https://mitehuacan.mx/?ruta=41
1,Farmacia Vida,farmacia,4,18.449585,-97.383857,https://mitehuacan.mx/?ruta=41
1,Farmacias Similares,farmacia,5,18.461784,-97.391392,https://mitehuacan.mx/?ruta=41
1,Farmacia La Providencia,farmacia,6,18.461241,-97.391511,https://mitehuacan.mx/?ruta=41
1,Farmacia Mh Farma,farmacia,6,18.465024,-97.391446,https://mitehuacan.mx/?ruta=41
1,Farmacia de Apoyo,farmacia,6,18.46298,-97.389497,https://mitehuacan.mx/?ruta=41
1,Farmacias Similares,farmacia,7,18.449915,-97.384093,https://mitehuacan.mx/?ruta=41
1,Farmacia de Apoyo,farmacia,7,18.460864,-97.389397,https://mitehuacan.mx/?ruta=41
1,Farmacia De Apoyo Sucursal 24,farmacia,8,18.462946,-97.389518,https://mitehuacan.mx/?ruta=41
1,Farmacia Pasteur,farmacia,11,18.460487,-97.389371,https://mitehuacan.mx/?ruta=41
1,Farmacias Similares,farmacia,12,18.462989,-97.391527,https://mitehuacan.mx/?ruta=41
1,Farmacia Apoyo Popular,farmacia,13,18.460893,-97.389336,https://mitehuacan.mx/?ruta=41
1,Farmacias Del Ahorro Pue Pe3O 3 Oriente,farmacia,14,18.460764,-97.389602,https://mitehuacan.mx/?ruta=41
1,Farmacia De Apoyo,farmacia,16,18.462948,-97.389595,https://mitehuacan.mx/?ruta=41
1,Paraiso Fumigaciones Tehuacan,farmacia,25,18.457445,-97.391283,https://mitehuacan.mx/?ruta=41
1,Farmacias La Luz,farmacia,26,18.46503,-97.386944,https://mitehuacan.mx/?ruta=41
1,Farmacias Similares,farmacia,37,18.460922,-97.391806,https://mitehuacan.mx/?ruta=41
1,Farmacia Fany,farmacia,48,18.423339,-97.371128,https://mitehuacan.mx/?ruta=41
1,Farmacias Similares,farmacia,52,18.458694,-97.391999,https://mitehuacan.mx/?ruta=41
1,Farmacia Apoyo Popular,farmacia,62,18.46083,-97.392047,https://mitehuacan.mx/?ruta=41
1,Farmacia Optima,farmacia,62,18.464232,-97.386957,https://mitehuacan.mx/?ruta=41
1,Farmacias del Ahorro,farmacia,64,18.463037,-97.392018,https://mitehuacan.mx/?ruta=41
1,Farmacia Y Perfumeria Victorino,farmacia,73,18.458637,-97.390227,https://mitehuacan.mx/?ruta=41
1,Farmacia el pastillero,farmacia,74,18.46086,-97.390762,https://mitehuacan.mx/?ruta=41
1,Farmacias Similares,farmacia,78,18.46078,-97.390203,https://mitehuacan.mx/?ruta=41
1,Farmacia Estrella,farmacia,82,18.431092,-97.374647,https://mitehuacan.mx/?ruta=41
1,Venta De Medicamentos Farmacia De La Economia,farmacia,89,18.462787,-97.388598,https://mitehuacan.mx/?ruta=41
1,Farmacia Victorinox,farmacia,89,18.45866,-97.390378,https://mitehuacan.mx/?ruta=41
1,Farmacia De Apoyo Sucursal 4,farmacia,93,18.441899,-97.378399,https://mitehuacan.mx/?ruta=41
1,Farmacia de Apoyo,farmacia,101,18.458722,-97.392464,https://mitehuacan.mx/?ruta=41
1,Farmacia San Salvador,farmacia,104,18.466808,-97.386849,https://mitehuacan.mx/?ruta=41
1,Venta De Medicamentos Farmacia El Pastillero,farmacia,108,18.460829,-97.388446,https://mitehuacan.mx/?ruta=41
1,Farmacias Similares,farmacia,150,18.462888,-97.388024,https://mitehuacan.mx/?ruta=41
1,Ferrelectrica Ferrezen,ferretería,1,18.453481,-97.386914,https://mitehuacan.mx/?ruta=41
1,Ferreteria Ferreelectrica,ferretería,3,18.448607,-97.383273,https://mitehuacan.mx/?ruta=41
1,Centro De Servicio,ferretería,4,18.457068,-97.391487,https://mitehuacan.mx/?ruta=41
1,Ferreteria El Ferretero,ferretería,4,18.464915,-97.389396,https://mitehuacan.mx/?ruta=41
1,La Casa Del Electricista De Tehuacan,ferretería,4,18.425104,-97.373005,https://mitehuacan.mx/?ruta=41
1,Ferre Pat,ferretería,5,18.460194,-97.391423,https://mitehuacan.mx/?ruta=41
1,Ferre Pat Autoservicio,ferretería,5,18.459929,-97.391428,https://mitehuacan.mx/?ruta=41
1,Ferreteria Comercial Gonzalez,ferretería,6,18.46087,-97.389517,https://mitehuacan.mx/?ruta=41
1,Ferreteria Juquilita,ferretería,6,18.442421,-97.380603,https://mitehuacan.mx/?ruta=41
1,Estacionamiento Wally,ferretería,7,18.459846,-97.391547,https://mitehuacan.mx/?ruta=41
1,Ferreteria Sin Nombre,ferretería,7,18.452023,-97.385691,https://mitehuacan.mx/?ruta=41
1,Ferretera Itza,ferretería,9,18.454325,-97.388115,https://mitehuacan.mx/?ruta=41
1,Ferretera Arriaga,ferretería,11,18.462252,-97.389331,https://mitehuacan.mx/?ruta=41
1,Tripay Del Centro,ferretería,11,18.461293,-97.389346,https://mitehuacan.mx/?ruta=41
1,El Ferretero,ferretería,13,18.462812,-97.389317,https://mitehuacan.mx/?ruta=41
1,Distribuciones Jorta,ferretería,14,18.459184,-97.389387,https://mitehuacan.mx/?ruta=41
1,Ferreteria El Proveedor Ferretero,ferretería,14,18.46322,-97.389308,https://mitehuacan.mx/?ruta=41
1,Ferreteria Mexico,ferretería,14,18.46322,-97.389308,https://mitehuacan.mx/?ruta=41
1,Centro Ferrelectrico Cefemsa,ferretería,16,18.464936,-97.391239,https://mitehuacan.mx/?ruta=41
1,Ferreteria King,ferretería,17,18.46426,-97.389282,https://mitehuacan.mx/?ruta=41
1,Ferretera Leon,ferretería,22,18.460874,-97.389668,https://mitehuacan.mx/?ruta=41
1,Compra Y Venta De Articulos De Grupo Ferretrro Arriaga,ferretería,45,18.455814,-97.38863,https://mitehuacan.mx/?ruta=41
1,Tienda De Novedades Casa Andrea,ferretería,46,18.461939,-97.390998,https://mitehuacan.mx/?ruta=41
1,Ferreteria El Ferretero,ferretería,51,18.462839,-97.389925,https://mitehuacan.mx/?ruta=41
1,Ferreteria Antonio Ceja,ferretería,57,18.460828,-97.392004,https://mitehuacan.mx/?ruta=41
1,Mangueras Y Conexiones La Paz,ferretería,67,18.454228,-97.391622,https://mitehuacan.mx/?ruta=41
1,Electrica Codesa,ferretería,70,18.462332,-97.390762,https://mitehuacan.mx/?ruta=41
1,Ave Ferreteria,ferretería,77,18.459977,-97.390749,https://mitehuacan.mx/?ruta=41
1,Ferreteria Arriaga Ferreteria,ferretería,83,18.458444,-97.390331,https://mitehuacan.mx/?ruta=41
1,Ferreteria Leon,ferretería,85,18.460891,-97.390265,https://mitehuacan.mx/?ruta=41
1,Ferreteria Casa Rodriguez,ferretería,87,18.455426,-97.39043,https://mitehuacan.mx/?ruta=41
1,Todo Para Gas Y Agua Bianchi Gas,ferretería,87,18.460743,-97.388639,https://mitehuacan.mx/?ruta=41
1,Estacionamiento Ecologico,ferretería,97,18.45924,-97.392415,https://mitehuacan.mx/?ruta=41
1,Ferreteria Y Tlapaleria Del Mercado,ferretería,100,18.462853,-97.390474,https://mitehuacan.mx/?ruta=41
1,Fix Tehuacan,ferretería,105,18.46063,-97.39246,https://mitehuacan.mx/?ruta=41
1,Ferreteria Gomez Ollivier,ferretería,115,18.454735,-97.392515,https://mitehuacan.mx/?ruta=41
1,Hotel Restaurante Villas Jardines,hotel,1,18.440926,-97.376829,https://mitehuacan.mx/?ruta=41
1,Hotel El Campanario,hotel,2,18.462149,-97.389459,https://mitehuacan.mx/?ruta=41
1,Hotel Belen,hotel,3,18.464896,-97.389134,https://mitehuacan.mx/?ruta=41
1,Hotel Bella Vista,hotel,3,18.45447,-97.390311,https://mitehuacan.mx/?ruta=41
1,Ph Hotel,hotel,4,18.463201,-97.391374,https://mitehuacan.mx/?ruta=41
1,Hotel San Miguel,hotel,6,18.464435,-97.391452,https://mitehuacan.mx/?ruta=41
1,Hotel La Suiza,hotel,14,18.459076,-97.389388,https://mitehuacan.mx/?ruta=41
1,Hotel Plaza Iberia,hotel,33,18.462996,-97.391731,https://mitehuacan.mx/?ruta=41
1,Hotel Casa Del Prado,hotel,43,18.461576,-97.389853,https://mitehuacan.mx/?ruta=41
1,Hotel Alejandrina,hotel,46,18.465881,-97.390939,https://mitehuacan.mx/?ruta=41
1,Hotel Luxor,hotel,47,18.465447,-97.38694,https://mitehuacan.mx/?ruta=41
1,Hotel Posada Del Viajero,hotel,67,18.462792,-97.388806,https://mitehuacan.mx/?ruta=41
1,Hotel Granada,hotel,88,18.4585,-97.388709,https://mitehuacan.mx/?ruta=41
1,Hotel Granada,hotel,89,18.458022,-97.388704,https://mitehuacan.mx/?ruta=41
1,Hotelitto Inn,hotel,90,18.460834,-97.388616,https://mitehuacan.mx/?ruta=41
1,Hotel Motel Pasion,hotel,123,18.457369,-97.388401,https://mitehuacan.mx/?ruta=41
1,Compañia De Telefonos Y Bienes Raices,inmobiliaria,0,18.465401,-97.384689,https://mitehuacan.mx/?ruta=41
1,Jb Bienes Raices,inmobiliaria,0,18.454404,-97.388017,https://mitehuacan.mx/?ruta=41
1,Casa Blanca Inmobiliaria,inmobiliaria,4,18.463319,-97.391369,https://mitehuacan.mx/?ruta=41
1,Inmobiliaria Cruz,inmobiliaria,5,18.462269,-97.391382,https://mitehuacan.mx/?ruta=41
1,Asesoria Juridica Inmobiliaria,inmobiliaria,6,18.46154,-97.391503,https://mitehuacan.mx/?ruta=41
1,D D Inmobiliaria,inmobiliaria,7,18.466155,-97.391436,https://mitehuacan.mx/?ruta=41
1,Comercializadora Terrecasas,inmobiliaria,9,18.466955,-97.390402,https://mitehuacan.mx/?ruta=41
1,Grupo Paruz,inmobiliaria,9,18.454376,-97.390656,https://mitehuacan.mx/?ruta=41
1,Inmoviliaria Fincasa,inmobiliaria,25,18.462927,-97.3892,https://mitehuacan.mx/?ruta=41
1,Inmobiliaria Y Construcciones La Torre Tehuacan,inmobiliaria,52,18.458694,-97.392,https://mitehuacan.mx/?ruta=41
1,Oficina Administrativa De Plaza Ana Maria,inmobiliaria,52,18.458694,-97.392,https://mitehuacan.mx/?ruta=41
1,Inmobiliaria Grupo Independiente De Remates,inmobiliaria,71,18.462287,-97.390762,https://mitehuacan.mx/?ruta=41
1,Maquilas Montana,inmobiliaria,76,18.445377,-97.380827,https://mitehuacan.mx/?ruta=41
1,Venta De Terrenos Palma,inmobiliaria,81,18.462859,-97.390654,https://mitehuacan.mx/?ruta=41
1,Administracion Plaza El Mezon,inmobiliaria,89,18.461501,-97.390292,https://mitehuacan.mx/?ruta=41
1,Inmobiliaria Multiventas,inmobiliaria,104,18.460896,-97.390474,https://mitehuacan.mx/?ruta=41
1,Talacheria Gomez,llantera,1,18.440933,-97.376917,https://mitehuacan.mx/?ruta=41
1,Taller De Talacheria Sin Nombre,llantera,2,18.465766,-97.384663,https://mitehuacan.mx/?ruta=41
1,Centro Llantero Teran,llantera,3,18.446696,-97.382339,https://mitehuacan.mx/?ruta=41
1,Talacheria Castillo,llantera,3,18.443427,-97.380955,https://mitehuacan.mx/?ruta=41
1,Talacheria El Bolillo,llantera,4,18.448257,-97.383084,https://mitehuacan.mx/?ruta=41
1,Auto Llantas Tehuacan,llantera,5,18.442318,-97.380549,https://mitehuacan.mx/?ruta=41
1,Talacheria Wilson,llantera,5,18.448414,-97.383254,https://mitehuacan.mx/?ruta=41
1,Llantera Abarrotes Barroso,llantera,6,18.459549,-97.391549,https://mitehuacan.mx/?ruta=41
1,Servicio De Talacheria Sin Nombre,llantera,6,18.451615,-97.385381,https://mitehuacan.mx/?ruta=41
1,Vulcanizadora Roberto,llantera,35,18.45735,-97.389236,https://mitehuacan.mx/?ruta=41
1,Taller De Talacheria Guemluscar,llantera,102,18.428269,-97.3721,https://mitehuacan.mx/?ruta=41
1,Vulcanizadora El Copetes,llantera,135,18.455867,-97.3872,https://mitehuacan.mx/?ruta=41
1,Vitalizadora La Union,llantera,141,18.462178,-97.388102,https://mitehuacan.mx/?ruta=41
1,Mueblería Delfer,muebles,0,18.460443,-97.389475,https://mitehuacan.mx/?ruta=41
1,Tapiceria Arenas,muebles,0,18.454406,-97.388141,https://mitehuacan.mx/?ruta=41
1,Articulos Para Tapiceria Anita,muebles,2,18.463522,-97.389425,https://mitehuacan.mx/?ruta=41
1,Rb Decoraciones,muebles,2,18.466864,-97.39051,https://mitehuacan.mx/?ruta=41
1,Venta De Muebles Sin Nomre,muebles,4,18.428471,-97.375097,https://mitehuacan.mx/?ruta=41
1,Taller De Tapiceria Sin Nombre,muebles,5,18.464738,-97.386464,https://mitehuacan.mx/?ruta=41
1,Tapiceria Diaz,muebles,7,18.464825,-97.389507,https://mitehuacan.mx/?ruta=41
1,Tapiceria Tres Reyes,muebles,12,18.430305,-97.37429,https://mitehuacan.mx/?ruta=41
1,Muebleria Secundino,muebles,13,18.464937,-97.391267,https://mitehuacan.mx/?ruta=41
1,Muebleria Bonanza,muebles,25,18.466908,-97.391607,https://mitehuacan.mx/?ruta=41
1,Muebleria Ofilinea,muebles,31,18.465594,-97.38939,https://mitehuacan.mx/?ruta=41
1,Muebleria Lezama De Tehuacan,muebles,53,18.461965,-97.391935,https://mitehuacan.mx/?ruta=41
1,Venta De Muebles Bruno,muebles,60,18.464254,-97.387032,https://mitehuacan.mx/?ruta=41
1,Venta De Muebles,muebles,64,18.441181,-97.380779,https://mitehuacan.mx/?ruta=41
1,Muebleria Feria Del Mueble,muebles,80,18.460745,-97.388714,https://mitehuacan.mx/?ruta=41
1,Panadería La Paz,panadería,7,18.466174,-97.391306,https://mitehuacan.mx/?ruta=41
1,Pastelix,panadería,51,18.467348,-97.391525,https://mitehuacan.mx/?ruta=41
1,Guti-Pan,panadería,120,18.459224,-97.39263,https://mitehuacan.mx/?ruta=41
1,Compra Venta De Accesorios Para Automoviles Blaky,refacciones,0,18.457493,-97.389564,https://mitehuacan.mx/?ruta=41
1,Refaccionaria La Bujia,refacciones,1,18.445998,-97.382012,https://mitehuacan.mx/?ruta=41
1,Autopartes Auto Sport,refacciones,4,18.455686,-97.389567,https://mitehuacan.mx/?ruta=41
1,Refaccionaria Macsa,refacciones,4,18.464889,-97.388878,https://mitehuacan.mx/?ruta=41
1,Refaccionaria Construyendo Tu Ruta,refacciones,5,18.445227,-97.381481,https://mitehuacan.mx/?ruta=41
1,Accesorios Automotrices Vr,refacciones,6,18.442236,-97.380522,https://mitehuacan.mx/?ruta=41
1,Accesorios Y Polarizados Alonso,refacciones,6,18.445778,-97.38174,https://mitehuacan.mx/?ruta=41
1,Refaccionaria Camionera,refacciones,8,18.452744,-97.386238,https://mitehuacan.mx/?ruta=41
1,Transmisiones Automaticas Cigex,refacciones,9,18.454326,-97.388219,https://mitehuacan.mx/?ruta=41
1,Auto Sport De Tehuacan,refacciones,12,18.455231,-97.388164,https://mitehuacan.mx/?ruta=41
1,Yonque Autopartes,refacciones,20,18.441103,-97.37669,https://mitehuacan.mx/?ruta=41
1,Casa Matriz,refacciones,23,18.454786,-97.391513,https://mitehuacan.mx/?ruta=41
1,Corporativo Grupo Amaro,refacciones,29,18.455327,-97.39183,https://mitehuacan.mx/?ruta=41
1,Oficina Grupo Refaccionaria Dinamica De Tehuacan,refacciones,29,18.455333,-97.391834,https://mitehuacan.mx/?ruta=41
1,Autopartes Avendaño,refacciones,38,18.454122,-97.390912,https://mitehuacan.mx/?ruta=41
1,Compra Venta De Accesorios Para Automoviles Blacky,refacciones,43,18.458628,-97.389939,https://mitehuacan.mx/?ruta=41
1,Bodega Del Transportista,refacciones,46,18.454566,-97.391619,https://mitehuacan.mx/?ruta=41
1,Distribuidora Hidraulica Del Sureste,refacciones,69,18.466491,-97.387023,https://mitehuacan.mx/?ruta=41
1,Partes Automotrices De Emergencia,refacciones,80,18.462968,-97.390195,https://mitehuacan.mx/?ruta=41
1,Refaccionaria Alma Automotriz,refacciones,106,18.456286,-97.38802,https://mitehuacan.mx/?ruta=41
1,Antojitos Las Flores,restaurante,0,18.419591,-97.371957,https://mitehuacan.mx/?ruta=41
1,Cocina Economica Sazon De Yoli,restaurante,0,18.429455,-97.374604,https://mitehuacan.mx/?ruta=41
1,Comida Para Llevar La Sazon De La Abuela,restaurante,0,18.429301,-97.374778,https://mitehuacan.mx/?ruta=41
1,Hamburguesas,restaurante,0,18.419591,-97.371957,https://mitehuacan.mx/?ruta=41
1,Taqueria Nieto,restaurante,0,18.455406,-97.388866,https://mitehuacan.mx/?ruta=41
1,Antojitos Carmelita,restaurante,1,18.416794,-97.369283,https://mitehuacan.mx/?ruta=41
1,Army Burgues,restaurante,1,18.416769,-97.369359,https://mitehuacan.mx/?ruta=41
1,Pizzas Archie S,restaurante,1,18.461133,-97.389468,https://mitehuacan.mx/?ruta=41
1,Pizzas Yankees,restaurante,1,18.463169,-97.389436,https://mitehuacan.mx/?ruta=41
1,Carnitas El Porky,restaurante,2,18.464824,-97.389459,https://mitehuacan.mx/?ruta=41
1,Rosticera Pollo Fiesta,restaurante,2,18.441436,-97.380104,https://mitehuacan.mx/?ruta=41
1,Rosticeria Pollos Guerrero,restaurante,2,18.461468,-97.389465,https://mitehuacan.mx/?ruta=41
1,Taqueria El Kiosquito,restaurante,2,18.441225,-97.380016,https://mitehuacan.mx/?ruta=41
1,Torteria La Super Torta,restaurante,2,18.462011,-97.38946,https://mitehuacan.mx/?ruta=41
1,Venta De Amburgesas Alitas Y Papas Fat Bastar,restaurante,2,18.452497,-97.38625,https://mitehuacan.mx/?ruta=41
1,Venta De Hambuerguesas Like,restaurante,2,18.45822,-97.389523,https://mitehuacan.mx/?ruta=41
1,Carnitas Sin Nombre,restaurante,3,18.452044,-97.385824,https://mitehuacan.mx/?ruta=41
1,Cocina Economica Jade,restaurante,3,18.464799,-97.385542,https://mitehuacan.mx/?ruta=41
1,El Ranchito Pollos A La Leña,restaurante,3,18.446905,-97.38245,https://mitehuacan.mx/?ruta=41
1,Taqueria Tia Chelina,restaurante,3,18.443529,-97.380996,https://mitehuacan.mx/?ruta=41
1,Taqueria Vic Taco,restaurante,3,18.463739,-97.389418,https://mitehuacan.mx/?ruta=41
1,Carniceria Lupita,restaurante,4,18.4249,-97.373588,https://mitehuacan.mx/?ruta=41
1,Cocina Economica Mersedes,restaurante,4,18.446986,-97.382408,https://mitehuacan.mx/?ruta=41
1,Rosticeria Granada,restaurante,4,18.458521,-97.39147,https://mitehuacan.mx/?ruta=41
1,Tacos Genaro,restaurante,4,18.465808,-97.391335,https://mitehuacan.mx/?ruta=41
1,Taqueria El Chino,restaurante,4,18.44778,-97.382913,https://mitehuacan.mx/?ruta=41
1,Taqueria Tac Mahal,restaurante,4,18.464831,-97.386947,https://mitehuacan.mx/?ruta=41
1,Venta De Antojitos Rubi,restaurante,4,18.425171,-97.372813,https://mitehuacan.mx/?ruta=41
1,Antojitos Doña Rufi,restaurante,5,18.464723,-97.38525,https://mitehuacan.mx/?ruta=41
1,Antojitos Flores,restaurante,5,18.464723,-97.38525,https://mitehuacan.mx/?ruta=41
1,Carnitas El Altepexano,restaurante,5,18.464824,-97.389488,https://mitehuacan.mx/?ruta=41
1,La Hamburguesa Magica,restaurante,5,18.444908,-97.381394,https://mitehuacan.mx/?ruta=41
1,Memelas Y Quesadillas Juquila,restaurante,5,18.464739,-97.38654,https://mitehuacan.mx/?ruta=41
1,Pollos A La Leña El Nazareno,restaurante,5,18.456825,-97.389532,https://mitehuacan.mx/?ruta=41
1,Restaurante Mexico Lindo,restaurante,5,18.462469,-97.391382,https://mitehuacan.mx/?ruta=41
1,Tacos La Sierra,restaurante,5,18.45042,-97.384591,https://mitehuacan.mx/?ruta=41
1,Tacos Y Tortas Tehuacan,restaurante,5,18.463464,-97.391364,https://mitehuacan.mx/?ruta=41
1,Venta De Antojitos Roque,restaurante,5,18.446581,-97.382194,https://mitehuacan.mx/?ruta=41
1,Venta De Tacos De Cabeza Sin Nombre,restaurante,5,18.457754,-97.391477,https://mitehuacan.mx/?ruta=41
1,Cocina Clasicos,restaurante,6,18.464843,-97.391448,https://mitehuacan.mx/?ruta=41
1,Cocina Economica Antojitos Mexicanos,restaurante,6,18.464833,-97.391448,https://mitehuacan.mx/?ruta=41
1,Comida Casera El Sazon De La Abuelita,restaurante,6,18.458292,-97.391574,https://mitehuacan.mx/?ruta=41
1,Rosticeria Granada,restaurante,6,18.458853,-97.391563,https://mitehuacan.mx/?ruta=41
1,Tacos El Primo,restaurante,6,18.463947,-97.391459,https://mitehuacan.mx/?ruta=41
1,Taqueria El Gran Pastor,restaurante,6,18.448698,-97.383408,https://mitehuacan.mx/?ruta=41
1,Taqueria Los Volcanes,restaurante,6,18.414572,-97.369367,https://mitehuacan.mx/?ruta=41
1,Cocina Economica El Comedor De Lupita,restaurante,7,18.457595,-97.391585,https://mitehuacan.mx/?ruta=41
1,Cocina Economica La Cocina De Ely,restaurante,7,18.457287,-97.39159,https://mitehuacan.mx/?ruta=41
1,Pizzas Angelotti,restaurante,7,18.459902,-97.391546,https://mitehuacan.mx/?ruta=41
1,Pollos Cubanos,restaurante,7,18.452247,-97.385861,https://mitehuacan.mx/?ruta=41
1,Restaurante El Merendero Del Sur,restaurante,7,18.449433,-97.383687,https://mitehuacan.mx/?ruta=41
1,Restaurante La Casa De Ocaña,restaurante,7,18.466336,-97.391434,https://mitehuacan.mx/?ruta=41
1,Taqueria La Cuenca,restaurante,7,18.449116,-97.383645,https://mitehuacan.mx/?ruta=41
1,Venta De Comida Para Llevar El Buen Sazon,restaurante,7,18.450011,-97.384165,https://mitehuacan.mx/?ruta=41
1,Venta De Tacos Estilo Michoacan,restaurante,7,18.466481,-97.391433,https://mitehuacan.mx/?ruta=41
1,Loncheria Favi,restaurante,8,18.450007,-97.384456,https://mitehuacan.mx/?ruta=41
1,Taqueria Las Marias,restaurante,8,18.447984,-97.382899,https://mitehuacan.mx/?ruta=41
1,Antojitos Ade,restaurante,9,18.465944,-97.386395,https://mitehuacan.mx/?ruta=41
1,Barbacoa Tesmole Y Memelitas,restaurante,9,18.427549,-97.374751,https://mitehuacan.mx/?ruta=41
1,Cocina Economica Sin Nombre,restaurante,9,18.466984,-97.391075,https://mitehuacan.mx/?ruta=41
1,Puesto De Chicharron Sin Nombre,restaurante,9,18.466969,-97.390725,https://mitehuacan.mx/?ruta=41
1,Tacos Tacuba,restaurante,9,18.45056,-97.384529,https://mitehuacan.mx/?ruta=41
1,Taqueria El Tacontento,restaurante,9,18.453736,-97.386991,https://mitehuacan.mx/?ruta=41
1,Antojitos Chiquis,restaurante,10,18.455417,-97.3897,https://mitehuacan.mx/?ruta=41
1,Restaurante La Zona,restaurante,10,18.464878,-97.384652,https://mitehuacan.mx/?ruta=41
1,Venta De Pollo Asado Sin Nombre,restaurante,10,18.427832,-97.374857,https://mitehuacan.mx/?ruta=41
1,Cemitas De Puebla,restaurante,11,18.460811,-97.391359,https://mitehuacan.mx/?ruta=41
1,Restaurant Mi Lupita,restaurante,11,18.460542,-97.389371,https://mitehuacan.mx/?ruta=41
1,Taqueria El Pastorcito,restaurante,11,18.460641,-97.38937,https://mitehuacan.mx/?ruta=41
1,Venta De Empanadas Sin Nombre,restaurante,11,18.460379,-97.389373,https://mitehuacan.mx/?ruta=41
1,Venta De Hamburguesas. Burguer Daddy,restaurante,12,18.462469,-97.389326,https://mitehuacan.mx/?ruta=41
1,Tortas Orozco,restaurante,13,18.462984,-97.389318,https://mitehuacan.mx/?ruta=41
1,Pizzeria Yankees,restaurante,14,18.46081,-97.391331,https://mitehuacan.mx/?ruta=41
1,Rosticeria El Buen Sabor,restaurante,14,18.458777,-97.391371,https://mitehuacan.mx/?ruta=41
1,Rosticeria Pollos El Fortachon,restaurante,14,18.45704,-97.38944,https://mitehuacan.mx/?ruta=41
1,Venta De Pollos Asados Las Parrillas De Carlos,restaurante,14,18.45473,-97.387763,https://mitehuacan.mx/?ruta=41
1,Venta De Tacos De Carnitas Sin Nombre,restaurante,14,18.45473,-97.387763,https://mitehuacan.mx/?ruta=41
1,Cocina Economica Sin Nombre,restaurante,15,18.458135,-97.389409,https://mitehuacan.mx/?ruta=41
1,Pizzas Pizzaiolo,restaurante,15,18.462984,-97.391276,https://mitehuacan.mx/?ruta=41
1,Tacos De Birria Sin Nombre,restaurante,15,18.458777,-97.389392,https://mitehuacan.mx/?ruta=41
1,Taqueria El Flamazo,restaurante,15,18.458116,-97.389409,https://mitehuacan.mx/?ruta=41
1,Venta De Antojitos Mexicanos Comedor Mexicano,restaurante,15,18.464826,-97.389582,https://mitehuacan.mx/?ruta=41
1,Venta De Memelitas Antojitos Yuli,restaurante,15,18.461572,-97.389588,https://mitehuacan.mx/?ruta=41
1,Venta De Memelitas Y Antojitos Sin Nombre,restaurante,15,18.457619,-97.389413,https://mitehuacan.mx/?ruta=41
1,Tasty Burguer,restaurante,16,18.467008,-97.391473,https://mitehuacan.mx/?ruta=41
1,Cocina Economica Casa Del Comensal,restaurante,17,18.464151,-97.389284,https://mitehuacan.mx/?ruta=41
1,Comida Rapida Antojitos Sin Nombre,restaurante,17,18.464694,-97.389274,https://mitehuacan.mx/?ruta=41
1,Pizzas Alma Mixteco,restaurante,17,18.46464,-97.389275,https://mitehuacan.mx/?ruta=41
1,Rosticeria Pollos Fiesta,restaurante,17,18.462931,-97.389276,https://mitehuacan.mx/?ruta=41
1,Taqueria Cayu,restaurante,17,18.46426,-97.389282,https://mitehuacan.mx/?ruta=41
1,Taqueria La Parrilla Del Pastor,restaurante,18,18.460917,-97.391289,https://mitehuacan.mx/?ruta=41
1,Cocina Economica La Flor De Veracruz,restaurante,19,18.464827,-97.38962,https://mitehuacan.mx/?ruta=41
1,Cosina Economica San Miguel Arcangel,restaurante,19,18.43048,-97.371514,https://mitehuacan.mx/?ruta=41
1,Taqueria Sandra,restaurante,19,18.43004,-97.371339,https://mitehuacan.mx/?ruta=41
1,Venta De Tacos Porky,restaurante,19,18.456547,-97.391351,https://mitehuacan.mx/?ruta=41
1,Cocina Econimica Jefe Roli,restaurante,21,18.465969,-97.389611,https://mitehuacan.mx/?ruta=41
1,Pizzas El Oasis,restaurante,21,18.460808,-97.391264,https://mitehuacan.mx/?ruta=41
1,Pollos Guerrero Tehuacán 1,restaurante,21,18.461493,-97.38965,https://mitehuacan.mx/?ruta=41
1,Antojitos Mexicanos Sin Nombre,restaurante,22,18.452042,-97.386191,https://mitehuacan.mx/?ruta=41
1,Taqueria La Parrilla De La 5,restaurante,22,18.454229,-97.3896,https://mitehuacan.mx/?ruta=41
1,Venta De Hamburguesas Un Poco Loco,restaurante,23,18.421898,-97.374746,https://mitehuacan.mx/?ruta=41
1,Venta De Antojitos Mexicanos Doña Mari,restaurante,24,18.461558,-97.389218,https://mitehuacan.mx/?ruta=41
1,Taqueria Estilo Michoacan,restaurante,25,18.465645,-97.389265,https://mitehuacan.mx/?ruta=41
1,Taqueria Mayorazgo 2,restaurante,25,18.416312,-97.368592,https://mitehuacan.mx/?ruta=41
1,Venta De Comida Sin Nombre,restaurante,26,18.452072,-97.386265,https://mitehuacan.mx/?ruta=41
1,Antojitos Doña Agus,restaurante,27,18.461948,-97.391178,https://mitehuacan.mx/?ruta=41
1,Antojitos Mexicanos Adelita,restaurante,27,18.461948,-97.391178,https://mitehuacan.mx/?ruta=41
1,Antojitos Mexicanos Gloria,restaurante,27,18.461948,-97.391178,https://mitehuacan.mx/?ruta=41
1,Antojitos Mexicanos Sin Nombre,restaurante,27,18.461948,-97.391178,https://mitehuacan.mx/?ruta=41
1,Antojitos Mexicanos Sinnombre,restaurante,27,18.461948,-97.391178,https://mitehuacan.mx/?ruta=41
1,Antojitos Y Desayunos Sin Nombre,restaurante,27,18.461948,-97.391178,https://mitehuacan.mx/?ruta=41
1,Cocina Angelita,restaurante,27,18.461948,-97.391178,https://mitehuacan.mx/?ruta=41
1,Cocina Economica Las Brazas,restaurante,27,18.461948,-97.391178,https://mitehuacan.mx/?ruta=41
1,Cocina Nohemi,restaurante,27,18.461948,-97.391178,https://mitehuacan.mx/?ruta=41
1,Cocina Un Rinconcito De Sabor,restaurante,27,18.461948,-97.391178,https://mitehuacan.mx/?ruta=41
1,Comedor Alondra,restaurante,27,18.461948,-97.391178,https://mitehuacan.mx/?ruta=41
1,Comedor Juquilita,restaurante,27,18.461948,-97.391178,https://mitehuacan.mx/?ruta=41
1,Comedor La Patrona,restaurante,27,18.461948,-97.391178,https://mitehuacan.mx/?ruta=41
1,Comedor Mary,restaurante,27,18.461948,-97.391178,https://mitehuacan.mx/?ruta=41
1,Comedor Rosalba,restaurante,27,18.461948,-97.391178,https://mitehuacan.mx/?ruta=41
1,El Chaparrito 2,restaurante,27,18.461948,-97.391178,https://mitehuacan.mx/?ruta=41
1,Expendio De Barbacoa Hermanos Roman Flores,restaurante,27,18.461948,-97.391178,https://mitehuacan.mx/?ruta=41
1,Expendio De Barbacoa Jose,restaurante,27,18.461948,-97.391178,https://mitehuacan.mx/?ruta=41
1,Fonda Carmen Blanco,restaurante,27,18.461948,-97.391178,https://mitehuacan.mx/?ruta=41
1,Fonda Comedor Las Granadas,restaurante,27,18.461948,-97.391178,https://mitehuacan.mx/?ruta=41
1,Fonda Florentina,restaurante,27,18.461948,-97.391178,https://mitehuacan.mx/?ruta=41
1,Fonda Julieta,restaurante,27,18.461948,-97.391178,https://mitehuacan.mx/?ruta=41
1,Fonda La Flor,restaurante,27,18.461948,-97.391178,https://mitehuacan.mx/?ruta=41
1,Fonda La Flor De Atlixco,restaurante,27,18.461948,-97.391178,https://mitehuacan.mx/?ruta=41
1,Fonda La Flor De Oaxaca,restaurante,27,18.461948,-97.391178,https://mitehuacan.mx/?ruta=41
1,Fonda La Oaxaqueña,restaurante,27,18.461948,-97.391178,https://mitehuacan.mx/?ruta=41
1,Fonda La Poblanita,restaurante,27,18.461948,-97.391178,https://mitehuacan.mx/?ruta=41
1,Fonda Mary Carmen,restaurante,27,18.461948,-97.391178,https://mitehuacan.mx/?ruta=41
1,Fonda Maty,restaurante,27,18.461948,-97.391178,https://mitehuacan.mx/?ruta=41
1,Fonda Rosita,restaurante,27,18.461948,-97.391178,https://mitehuacan.mx/?ruta=41
1,Fonda Ruth,restaurante,27,18.461948,-97.391178,https://mitehuacan.mx/?ruta=41
1,Fonda Teresita,restaurante,27,18.461948,-97.391178,https://mitehuacan.mx/?ruta=41
1,Huaraches Y Memelas El Chaparrito,restaurante,27,18.461948,-97.391178,https://mitehuacan.mx/?ruta=41
1,Pizzas Pizzaiolo,restaurante,27,18.461948,-97.391178,https://mitehuacan.mx/?ruta=41
1,Taqueria,restaurante,27,18.461948,-97.391178,https://mitehuacan.mx/?ruta=41
1,Taqueria La Guadalupana,restaurante,27,18.461948,-97.391178,https://mitehuacan.mx/?ruta=41
1,Taqueria Los 3 Garcias,restaurante,27,18.461948,-97.391178,https://mitehuacan.mx/?ruta=41
1,Taqueria Ta Cañon,restaurante,27,18.453303,-97.387191,https://mitehuacan.mx/?ruta=41
1,Venta De Barbacoa Bolaños,restaurante,27,18.461948,-97.391178,https://mitehuacan.mx/?ruta=41
1,Venta De Comida Catita,restaurante,27,18.461948,-97.391178,https://mitehuacan.mx/?ruta=41
1,Venta De Comida Sin Nombre,restaurante,27,18.461948,-97.391178,https://mitehuacan.mx/?ruta=41
1,Venta De Huaraches Sin Nombre,restaurante,27,18.461948,-97.391178,https://mitehuacan.mx/?ruta=41
1,Desayunos Don Rene,restaurante,31,18.461579,-97.389151,https://mitehuacan.mx/?ruta=41
1,Ant,restaurante,32,18.41701,-97.370329,https://mitehuacan.mx/?ruta=41
1,Antojitos Sarita,restaurante,32,18.421393,-97.374255,https://mitehuacan.mx/?ruta=41
1,Venta De Antojitos Sin Nombre,restaurante,36,18.447741,-97.382473,https://mitehuacan.mx/?ruta=41
1,Tacos Don Cosme,restaurante,37,18.45647,-97.391875,https://mitehuacan.mx/?ruta=41
1,Taqueria Zaragoza 3,restaurante,39,18.45658,-97.3919,https://mitehuacan.mx/?ruta=41
1,Torteria Lions,restaurante,39,18.454621,-97.387327,https://mitehuacan.mx/?ruta=41
1,Antojitos Kukos Luchs,restaurante,41,18.464469,-97.388416,https://mitehuacan.mx/?ruta=41
1,Cocina Economica Sin Nombre,restaurante,41,18.466239,-97.385911,https://mitehuacan.mx/?ruta=41
1,Venta De Carne Arabe Doner Kebab,restaurante,42,18.467286,-97.391424,https://mitehuacan.mx/?ruta=41
1,Venta De Comida Para Llevar El Buen Comer,restaurante,42,18.466253,-97.386946,https://mitehuacan.mx/?ruta=41
1,Cocina Economica Sin Nombre,restaurante,44,18.454306,-97.387024,https://mitehuacan.mx/?ruta=41
1,Venta De Comida Para Llevar Sin Nombre,restaurante,46,18.428869,-97.374769,https://mitehuacan.mx/?ruta=41
1,Pizzerias Angelloti,restaurante,47,18.458766,-97.391058,https://mitehuacan.mx/?ruta=41
1,Venta De Hamburguesas Le Crepe,restaurante,47,18.462649,-97.389879,https://mitehuacan.mx/?ruta=41
1,Cocina Economica El Sazon De Reina,restaurante,48,18.465855,-97.384178,https://mitehuacan.mx/?ruta=41
1,Cocina Economica Sin Nombre,restaurante,49,18.465422,-97.387016,https://mitehuacan.mx/?ruta=41
1,Rosticeria Pollo Mix,restaurante,49,18.457558,-97.39199,https://mitehuacan.mx/?ruta=41
1,Venta De Tacos Bistec Sin Nombre,restaurante,49,18.444955,-97.380981,https://mitehuacan.mx/?ruta=41
1,Pollo Fiesta,restaurante,49,18.46303,-97.39188,https://mitehuacan.mx/?ruta=41
1,Antojitos Tita,restaurante,50,18.464387,-97.38842,https://mitehuacan.mx/?ruta=41
1,Tortas Paquita,restaurante,50,18.460826,-97.391937,https://mitehuacan.mx/?ruta=41
1,Comida Para Llevar Sin Nombre,restaurante,51,18.430686,-97.374912,https://mitehuacan.mx/?ruta=41
1,Cocina Economica La Incondicional Del Sabor,restaurante,52,18.458694,-97.392,https://mitehuacan.mx/?ruta=41
1,Cocina Economica Tierra Madre,restaurante,52,18.455891,-97.392033,https://mitehuacan.mx/?ruta=41
1,Pizzas Yankees,restaurante,52,18.458694,-97.392,https://mitehuacan.mx/?ruta=41
1,Pizzeria Yankees,restaurante,52,18.458694,-97.392,https://mitehuacan.mx/?ruta=41
1,Torteria Sin Nombre,restaurante,52,18.451217,-97.385914,https://mitehuacan.mx/?ruta=41
1,Venta De Antojitos Sin Nombre,restaurante,52,18.456419,-97.389095,https://mitehuacan.mx/?ruta=41
1,Venta De Antojitos Sin Nombre,restaurante,56,18.454811,-97.387319,https://mitehuacan.mx/?ruta=41
1,Tortas Vic,restaurante,57,18.456527,-97.390991,https://mitehuacan.mx/?ruta=41
1,Cocina Economica Flores,restaurante,58,18.45746,-97.39207,https://mitehuacan.mx/?ruta=41
1,Torteria La Torteria Un Gusto,restaurante,58,18.462977,-97.390869,https://mitehuacan.mx/?ruta=41
1,Venta De Comida Taquito De Sal,restaurante,58,18.467428,-97.39132,https://mitehuacan.mx/?ruta=41
1,Venta De Alimentos El Cabrito,restaurante,61,18.460906,-97.390881,https://mitehuacan.mx/?ruta=41
1,La Nueva Rosticeria,restaurante,62,18.460797,-97.390876,https://mitehuacan.mx/?ruta=41
1,Taqueria El Amigo,restaurante,62,18.419883,-97.374011,https://mitehuacan.mx/?ruta=41
1,Antojitos Doña Siria,restaurante,63,18.455393,-97.38769,https://mitehuacan.mx/?ruta=41
1,Cocina Economica Norita,restaurante,64,18.458598,-97.388929,https://mitehuacan.mx/?ruta=41
1,Mapetos Restaurante,restaurante,66,18.464949,-97.392017,https://mitehuacan.mx/?ruta=41
1,Taqueria El Gran Poblano,restaurante,67,18.462792,-97.388807,https://mitehuacan.mx/?ruta=41
1,Antojitos Casa Blanca Blanca,restaurante,69,18.424344,-97.372946,https://mitehuacan.mx/?ruta=41
1,Venta De Carnitas Y Tacos Sin Nombre,restaurante,70,18.453318,-97.387693,https://mitehuacan.mx/?ruta=41
1,Loncheria La Guelaguetza,restaurante,71,18.45641,-97.388917,https://mitehuacan.mx/?ruta=41
1,Carnitas Doña Mari,restaurante,73,18.45807,-97.39024,https://mitehuacan.mx/?ruta=41
1,Venta De Comida Sin Nombre,restaurante,73,18.465848,-97.383941,https://mitehuacan.mx/?ruta=41
1,Rey De La Birria Taqueria,restaurante,75,18.466552,-97.386948,https://mitehuacan.mx/?ruta=41
1,Rosticeria El Tiempo,restaurante,76,18.460177,-97.390749,https://mitehuacan.mx/?ruta=41
1,Cocina Economica Doña Maru,restaurante,77,18.446066,-97.381133,https://mitehuacan.mx/?ruta=41
1,Cocina Economica El Punto,restaurante,80,18.421152,-97.376914,https://mitehuacan.mx/?ruta=41
1,Cocina Economica Sin Nombre,restaurante,81,18.465846,-97.383865,https://mitehuacan.mx/?ruta=41
1,Venta De Tortas Y Aguas Cristal,restaurante,81,18.462859,-97.390654,https://mitehuacan.mx/?ruta=41
1,Venta De Empanadas Y Frituras Sin Nombre,restaurante,83,18.447642,-97.381926,https://mitehuacan.mx/?ruta=41
1,Cocina Economica Elsita,restaurante,84,18.455469,-97.387498,https://mitehuacan.mx/?ruta=41
1,Rosticeria Ali,restaurante,85,18.457431,-97.390714,https://mitehuacan.mx/?ruta=41
1,Rosticeria Pollos Guerrero,restaurante,85,18.460792,-97.390658,https://mitehuacan.mx/?ruta=41
1,Cocina Economica Sin Nombre,restaurante,86,18.453539,-97.388043,https://mitehuacan.mx/?ruta=41
1,Cocina Economica Sin Nombre,restaurante,86,18.459676,-97.390666,https://mitehuacan.mx/?ruta=41
1,Pollos Guerrero Tehuacán 2,restaurante,87,18.460791,-97.390633,https://mitehuacan.mx/?ruta=41
1,Taqueria El Chino,restaurante,87,18.460835,-97.388645,https://mitehuacan.mx/?ruta=41
1,Antojitos Sin Nombre,restaurante,90,18.453417,-97.388003,https://mitehuacan.mx/?ruta=41
1,Venta De Desayunos Bocaditos 21,restaurante,90,18.450525,-97.383584,https://mitehuacan.mx/?ruta=41
1,Venta De Quesadillas Sin Nombre,restaurante,90,18.453475,-97.388046,https://mitehuacan.mx/?ruta=41
1,Miscelanea La Estrella,restaurante,91,18.456389,-97.390445,https://mitehuacan.mx/?ruta=41
1,Pizerias Chepe Pizas,restaurante,91,18.458447,-97.388675,https://mitehuacan.mx/?ruta=41
1,Venta Antojitos Mexicanos Montalvo,restaurante,91,18.428676,-97.371195,https://mitehuacan.mx/?ruta=41
1,Venta De Antojitos Mexicanos Chelita,restaurante,93,18.456311,-97.390469,https://mitehuacan.mx/?ruta=41
1,Rosticeria Pollo Fiesta,restaurante,95,18.458879,-97.392404,https://mitehuacan.mx/?ruta=41
1,Wajil Restaurante,restaurante,98,18.457766,-97.392448,https://mitehuacan.mx/?ruta=41
1,Cocina Economica,restaurante,99,18.453529,-97.389504,https://mitehuacan.mx/?ruta=41
1,La Torteria Tehuacan,restaurante,99,18.455269,-97.392499,https://mitehuacan.mx/?ruta=41
1,Pizzas New York,restaurante,99,18.456431,-97.392468,https://mitehuacan.mx/?ruta=41
1,Venta De Antojitos Sin Nombre,restaurante,101,18.466784,-97.386281,https://mitehuacan.mx/?ruta=41
1,Restaurante De Hamburguesas Beef And Pork,restaurante,102,18.456292,-97.388162,https://mitehuacan.mx/?ruta=41
1,Super Tortas Hidalguenses,restaurante,102,18.458581,-97.388569,https://mitehuacan.mx/?ruta=41
1,Antojitos La Guera,restaurante,103,18.463824,-97.384808,https://mitehuacan.mx/?ruta=41
1,Cocina Economica Estelita,restaurante,103,18.454417,-97.392163,https://mitehuacan.mx/?ruta=41
1,Fonda Juquilita,restaurante,103,18.462783,-97.388465,https://mitehuacan.mx/?ruta=41
1,Restaurante Casa Oaxaca,restaurante,104,18.456395,-97.388605,https://mitehuacan.mx/?ruta=41
1,Coctel Inn,restaurante,106,18.460709,-97.392462,https://mitehuacan.mx/?ruta=41
1,Antojitos Mary Fer,restaurante,107,18.458579,-97.388522,https://mitehuacan.mx/?ruta=41
1,Memelitas Y Tacos Sin Nombre,restaurante,109,18.465839,-97.3836,https://mitehuacan.mx/?ruta=41
1,Restaurant Maria Sabina,restaurante,109,18.453478,-97.390932,https://mitehuacan.mx/?ruta=41
1,Carnitas Juquilita,restaurante,116,18.430405,-97.375866,https://mitehuacan.mx/?ruta=41
1,Tacos Carranza,restaurante,116,18.461345,-97.392551,https://mitehuacan.mx/?ruta=41
1,Venta De Carnitas El Calvario,restaurante,116,18.453487,-97.391416,https://mitehuacan.mx/?ruta=41
1,Cocina Economica Maru,restaurante,118,18.453347,-97.388679,https://mitehuacan.mx/?ruta=41
1,Restaurat Burger Home,restaurante,119,18.455374,-97.387026,https://mitehuacan.mx/?ruta=41
1,Cocina Economica Gaby,restaurante,120,18.44793,-97.381682,https://mitehuacan.mx/?ruta=41
1,Tanqueria La Cordial,restaurante,123,18.430507,-97.375909,https://mitehuacan.mx/?ruta=41
1,Venta De Antojitos Variados Sin Nombre,restaurante,123,18.445925,-97.383295,https://mitehuacan.mx/?ruta=41
1,Restaurantes Con Servicio De Preparación De Alimentos A La C,restaurante,124,18.45335,-97.391098,https://mitehuacan.mx/?ruta=41
1,Tacos Arabe Rickis,restaurante,126,18.461403,-97.392643,https://mitehuacan.mx/?ruta=41
1,Tortas Checkos,restaurante,126,18.461547,-97.39264,https://mitehuacan.mx/?ruta=41
1,La Cochineria,restaurante,127,18.458345,-97.392722,https://mitehuacan.mx/?ruta=41
1,El Pariente Birrieria Estilo Tijuana,restaurante,128,18.45772,-97.392733,https://mitehuacan.mx/?ruta=41
1,Pizzas Angelotti,restaurante,128,18.457784,-97.392732,https://mitehuacan.mx/?ruta=41
1,Restaurante Mis Dos Regalos,restaurante,128,18.458569,-97.388323,https://mitehuacan.mx/?ruta=41
1,Torteria Pika Riko,restaurante,128,18.457286,-97.39274,https://mitehuacan.mx/?ruta=41
1,Taqueria Garcia,restaurante,129,18.455869,-97.387275,https://mitehuacan.mx/?ruta=41
1,Servicio De Comida. Restaurant El Cochibil,restaurante,130,18.468008,-97.389269,https://mitehuacan.mx/?ruta=41
1,Torteria Delicias,restaurante,130,18.455884,-97.392771,https://mitehuacan.mx/?ruta=41
1,Venta De Memelas Y Quesadillas Sin Nombre,restaurante,134,18.460089,-97.388219,https://mitehuacan.mx/?ruta=41
1,Venta De Memelas Sin Nombre,restaurante,138,18.451881,-97.387416,https://mitehuacan.mx/?ruta=41
1,Restaurante De Comida Gourmet Mexicana Ginn,restaurante,139,18.441332,-97.373587,https://mitehuacan.mx/?ruta=41
1,Antojitos La Jarochita,restaurante,141,18.467029,-97.392696,https://mitehuacan.mx/?ruta=41
1,Venta De Memelas Especiales Sin Nombre,restaurante,141,18.458563,-97.3882,https://mitehuacan.mx/?ruta=41
1,Taqueria El Poblanito,restaurante,144,18.456256,-97.387395,https://mitehuacan.mx/?ruta=41
1,Cemitas La Estrella De Puebla,restaurante,147,18.464883,-97.392778,https://mitehuacan.mx/?ruta=41
1,Tacos Y Tortas La Alameda,restaurante,147,18.456528,-97.392917,https://mitehuacan.mx/?ruta=41
1,Venta De Antojitos Sin Nombre,restaurante,148,18.449083,-97.385381,https://mitehuacan.mx/?ruta=41
1,Ta Barato,súper,5,18.460215,-97.391423,https://mitehuacan.mx/?ruta=41
1,Ta Barato,súper,7,18.46022,-97.391543,https://mitehuacan.mx/?ruta=41
1,Creepi Puercas,súper,76,18.464927,-97.39067,https://mitehuacan.mx/?ruta=41
1,Chedraui,súper,96,18.463918,-97.386575,https://mitehuacan.mx/?ruta=41
1,Elaboracion De Comida,súper,128,18.457603,-97.392735,https://mitehuacan.mx/?ruta=41
1,Centro Comercial Alatriste,súper,129,18.461037,-97.388238,https://mitehuacan.mx/?ruta=41
1,Servicio Automotriz Vidal,taller,0,18.441029,-97.378024,https://mitehuacan.mx/?ruta=41
1,Servicio De Reparacion De Refrigeradores Sin Nombre,taller,0,18.455411,-97.389198,https://mitehuacan.mx/?ruta=41
1,Compostura De Prendas De Vestir,taller,1,18.419215,-97.373138,https://mitehuacan.mx/?ruta=41
1,Gelatinas Fruti Rico,taller,1,18.463323,-97.389432,https://mitehuacan.mx/?ruta=41
1,Servicio Electrico Moya,taller,1,18.446123,-97.382079,https://mitehuacan.mx/?ruta=41
1,Servicio Electrico Pacheco,taller,1,18.440956,-97.377201,https://mitehuacan.mx/?ruta=41
1,Servicio Mecanica Diesel,taller,1,18.441054,-97.378318,https://mitehuacan.mx/?ruta=41
1,Electrico Automotriz El Muñeco,taller,2,18.443299,-97.380903,https://mitehuacan.mx/?ruta=41
1,Mr Eloteria Tehuacan,taller,2,18.456957,-97.389591,https://mitehuacan.mx/?ruta=41
1,Sastreria Sin Nombre,taller,2,18.465889,-97.38763,https://mitehuacan.mx/?ruta=41
1,Servicio De Reparacion De Aparatos De Linea Blanca Ecromar,taller,2,18.453083,-97.386613,https://mitehuacan.mx/?ruta=41
1,Taller De Mantenimiento De Motores Estacionarios,taller,2,18.466838,-97.389875,https://mitehuacan.mx/?ruta=41
1,Venta De Donas Y Churros Sin Nombre,taller,2,18.458509,-97.38952,https://mitehuacan.mx/?ruta=41
1,Venta De Elotes Gasper,taller,2,18.462174,-97.389459,https://mitehuacan.mx/?ruta=41
1,Amortiguadores Orizaba,taller,3,18.44342,-97.380951,https://mitehuacan.mx/?ruta=41
1,Electrica Max Jr,taller,3,18.458039,-97.389525,https://mitehuacan.mx/?ruta=41
1,Gm Embobinados,taller,3,18.456687,-97.391498,https://mitehuacan.mx/?ruta=41
1,Herba Life,taller,3,18.454472,-97.390434,https://mitehuacan.mx/?ruta=41
1,Modicard,taller,3,18.443511,-97.380988,https://mitehuacan.mx/?ruta=41
1,Servicio Hernandez Refrigeracion Domestica Y Comercial,taller,3,18.457849,-97.389526,https://mitehuacan.mx/?ruta=41
1,Taller De Joyeria El Cronometro,taller,3,18.464895,-97.389087,https://mitehuacan.mx/?ruta=41
1,Taller De Reparacion De Maquinaria Servimar,taller,3,18.464802,-97.385788,https://mitehuacan.mx/?ruta=41
1,Taller Mecanico Sin Nombre,taller,3,18.443518,-97.380991,https://mitehuacan.mx/?ruta=41
1,Ayre,taller,4,18.456202,-97.389555,https://mitehuacan.mx/?ruta=41
1,Centro De Servicio Carcher,taller,4,18.451563,-97.385459,https://mitehuacan.mx/?ruta=41
1,Club De Herbalife Sin Nombre,taller,4,18.449585,-97.383857,https://mitehuacan.mx/?ruta=41
1,Dulceria Dorilocos,taller,4,18.463283,-97.391371,https://mitehuacan.mx/?ruta=41
1,Fit Club La Juventud,taller,4,18.447022,-97.382427,https://mitehuacan.mx/?ruta=41
1,Reparacion Y Mantenimiento De Maquinas De Cocer,taller,4,18.457166,-97.391485,https://mitehuacan.mx/?ruta=41
1,Servicio De Mantenimiento De Maquinaria Martinez,taller,4,18.447584,-97.38281,https://mitehuacan.mx/?ruta=41
1,Servicio Mecanico Aquino Hermanos,taller,4,18.45009,-97.384341,https://mitehuacan.mx/?ruta=41
1,Servicio Tecnico Velasco,taller,4,18.444261,-97.381267,https://mitehuacan.mx/?ruta=41
1,Taller Mecanico Continental,taller,4,18.444066,-97.381114,https://mitehuacan.mx/?ruta=41
1,Venta De Papas Sin Nombre,taller,4,18.463301,-97.39137,https://mitehuacan.mx/?ruta=41
1,Jugueria Y Frutas Jugos Por Litro Erik,taller,5,18.46582,-97.387018,https://mitehuacan.mx/?ruta=41
1,Papas Fritas Lizs,taller,5,18.464741,-97.38673,https://mitehuacan.mx/?ruta=41
1,Taller De Hojalateria Servicio Fernandez,taller,5,18.450644,-97.384762,https://mitehuacan.mx/?ruta=41
1,Taller De Hojalateria Y Pintura Servicio San Juan,taller,5,18.448461,-97.383279,https://mitehuacan.mx/?ruta=41
1,Joyeria Raymundo,taller,7,18.466879,-97.391429,https://mitehuacan.mx/?ruta=41
1,Muelles Y Suspensiones El Chavo,taller,7,18.454355,-97.389224,https://mitehuacan.mx/?ruta=41
1,Servicio Automotriz Olmos,taller,8,18.454348,-97.388968,https://mitehuacan.mx/?ruta=41
1,Snacks Crispy Fast Food,taller,8,18.465939,-97.386006,https://mitehuacan.mx/?ruta=41
1,Papas Juquilita,taller,9,18.465954,-97.388434,https://mitehuacan.mx/?ruta=41
1,Taller Mecanico Servicio Automotriz Tobon,taller,9,18.465947,-97.386727,https://mitehuacan.mx/?ruta=41
1,Taller Mecanico Peregrino,taller,10,18.427748,-97.374826,https://mitehuacan.mx/?ruta=41
1,Taller Automotriz Cararzone,taller,11,18.454528,-97.389594,https://mitehuacan.mx/?ruta=41
1,Taller Automotriz Silver,taller,11,18.444427,-97.381178,https://mitehuacan.mx/?ruta=41
1,Taller De Torno Arias,taller,11,18.456351,-97.389688,https://mitehuacan.mx/?ruta=41
1,Karcher Servicio Especializado,taller,12,18.455078,-97.388041,https://mitehuacan.mx/?ruta=41
1,Club De Nutricion Herba Life,taller,14,18.457498,-97.389696,https://mitehuacan.mx/?ruta=41
1,Club De Nutricion Herbalife,taller,14,18.459211,-97.389386,https://mitehuacan.mx/?ruta=41
1,Hojalateria Y Pintura Nico,taller,14,18.445709,-97.381614,https://mitehuacan.mx/?ruta=41
1,Papas Fritas Floricel Unadelicia Del Sabor,taller,14,18.457158,-97.389436,https://mitehuacan.mx/?ruta=41
1,Relojeria Casa Virginia,taller,14,18.458867,-97.389391,https://mitehuacan.mx/?ruta=41
1,Taller Mecanico Perez,taller,14,18.430412,-97.371439,https://mitehuacan.mx/?ruta=41
1,Servicio Mecanico Hermanos Flores,taller,15,18.454526,-97.387599,https://mitehuacan.mx/?ruta=41
1,Taller De Relojeria La Abj,taller,15,18.458822,-97.389391,https://mitehuacan.mx/?ruta=41
1,Venta De Aguas Frescas El Numero 1,taller,15,18.461572,-97.389588,https://mitehuacan.mx/?ruta=41
1,Venta De Productos Naturistas Club De Nutricion,taller,15,18.463337,-97.389303,https://mitehuacan.mx/?ruta=41
1,Licuados Sin Nombre,taller,16,18.463952,-97.389288,https://mitehuacan.mx/?ruta=41
1,Taller Mecanico Rendon,taller,16,18.445827,-97.381652,https://mitehuacan.mx/?ruta=41
1,Mecanica Industrial Moreno Franco,taller,17,18.466804,-97.389265,https://mitehuacan.mx/?ruta=41
1,Autoservicio Bonilla,taller,19,18.455241,-97.38865,https://mitehuacan.mx/?ruta=41
1,Taller De Joyeria Lrj,taller,23,18.462948,-97.389655,https://mitehuacan.mx/?ruta=41
1,Taller De Joyeria Poly,taller,24,18.460915,-97.391232,https://mitehuacan.mx/?ruta=41
1,Servicio Automotriz Rrj,taller,26,18.465006,-97.38587,https://mitehuacan.mx/?ruta=41
1,Taller De Reparacion De Bocinas,taller,26,18.458616,-97.389289,https://mitehuacan.mx/?ruta=41
1,Club Nutricional De Herbalife,taller,27,18.461948,-97.391178,https://mitehuacan.mx/?ruta=41
1,Grabados Juanito,taller,27,18.461948,-97.391178,https://mitehuacan.mx/?ruta=41
1,Taller Mecanico Sin Nombre,taller,27,18.448354,-97.382884,https://mitehuacan.mx/?ruta=41
1,Taller Electrico Esmeralda,taller,29,18.419563,-97.374,https://mitehuacan.mx/?ruta=41
1,Elaboracion Y Venta De Tamales,taller,31,18.429511,-97.375313,https://mitehuacan.mx/?ruta=41
1,Club De Nutricion Herbalife,taller,32,18.465922,-97.384337,https://mitehuacan.mx/?ruta=41
1,Silensiadores Y Lienzos Mofles Ruiz Con Servicio De Hojalate,taller,32,18.455696,-97.388536,https://mitehuacan.mx/?ruta=41
1,Servicio Mecanico Perez,taller,34,18.449744,-97.383616,https://mitehuacan.mx/?ruta=41
1,Taller De Torno Mecanico Industrial Camacho,taller,35,18.45551,-97.389934,https://mitehuacan.mx/?ruta=41
1,Sastreria De Fajardo,taller,36,18.467012,-97.391691,https://mitehuacan.mx/?ruta=41
1,Taller Mecanico Sin Nombre,taller,36,18.423563,-97.372205,https://mitehuacan.mx/?ruta=41
1,Servicio De Hojalateria Y Pintura Angel,taller,37,18.450991,-97.385561,https://mitehuacan.mx/?ruta=41
1,Club De Nutricion,taller,41,18.457472,-97.389175,https://mitehuacan.mx/?ruta=41
1,Taller Mecanico Automecanica,taller,42,18.465175,-97.386941,https://mitehuacan.mx/?ruta=41
1,Club De Nutricion Herbalife,taller,43,18.465486,-97.389391,https://mitehuacan.mx/?ruta=41
1,Taller De Joyeria Sin Nombre,taller,43,18.461577,-97.389037,https://mitehuacan.mx/?ruta=41
1,Servicio Automotriz Taburay,taller,47,18.454979,-97.388659,https://mitehuacan.mx/?ruta=41
1,Reparacion De Bombas De Agua Sin Nombre,taller,48,18.453403,-97.38751,https://mitehuacan.mx/?ruta=41
1,Centro De Compostura De Sastreria,taller,49,18.456367,-97.390048,https://mitehuacan.mx/?ruta=41
1,Taller De Hojalateria Tracto Alberto,taller,49,18.42309,-97.371412,https://mitehuacan.mx/?ruta=41
1,Taller De Hojalateria Y Pintura Servicio Automotrz Dos Mil,taller,49,18.46473,-97.384301,https://mitehuacan.mx/?ruta=41
1,Venta De Papas Sin Nombre,taller,49,18.46075,-97.388999,https://mitehuacan.mx/?ruta=41
1,Venta De Postres Fruti Rico,taller,50,18.460773,-97.389937,https://mitehuacan.mx/?ruta=41
1,Taller De Composturas Sin Nombre,taller,53,18.464657,-97.384275,https://mitehuacan.mx/?ruta=41
1,Club De Nutricion Herbalife,taller,54,18.460828,-97.391975,https://mitehuacan.mx/?ruta=41
1,Reparacion De Relojes Y Alhajas,taller,54,18.460828,-97.391975,https://mitehuacan.mx/?ruta=41
1,Servicio De Reparacion Maquinaria Electrica Industrial Servi,taller,56,18.455916,-97.388712,https://mitehuacan.mx/?ruta=41
1,Servicio Gamo,taller,57,18.455947,-97.392078,https://mitehuacan.mx/?ruta=41
1,Taller De Hojalateria Y Pintura El Flaco,taller,67,18.448829,-97.382708,https://mitehuacan.mx/?ruta=41
1,Club De Nutricion Herbalife Sin Nombre,taller,68,18.450521,-97.383829,https://mitehuacan.mx/?ruta=41
1,Composturas De Ropa,taller,68,18.428647,-97.372697,https://mitehuacan.mx/?ruta=41
1,Frutas Coco Bongo,taller,69,18.46084,-97.388806,https://mitehuacan.mx/?ruta=41
1,Index,taller,70,18.43033,-97.371974,https://mitehuacan.mx/?ruta=41
1,Taller Electrico Industrial Galo,taller,73,18.458296,-97.390239,https://mitehuacan.mx/?ruta=41
1,Autoservicio De Hojalateria Y Pintura El Negris,taller,75,18.452446,-97.385217,https://mitehuacan.mx/?ruta=41
1,Taller Mecanico Electrico Angel,taller,78,18.466558,-97.384523,https://mitehuacan.mx/?ruta=41
1,Club De Nutricion Colibri,taller,79,18.455388,-97.3875,https://mitehuacan.mx/?ruta=41
1,Taller De Pintura Y Hojalateria Sin Nombre,taller,81,18.464723,-97.383998,https://mitehuacan.mx/?ruta=41
1,Postres Sin Nombre,taller,82,18.465909,-97.383853,https://mitehuacan.mx/?ruta=41
1,Taller Automotriz Chucho,taller,83,18.464004,-97.384795,https://mitehuacan.mx/?ruta=41
1,Taller De Embobinados De Motores Electricos Tecni Embobinado,taller,86,18.466911,-97.38862,https://mitehuacan.mx/?ruta=41
1,Club Herbalife Color Esperanza,taller,87,18.459196,-97.390668,https://mitehuacan.mx/?ruta=41
1,Multiservicios Taller Mecanico Electrico,taller,88,18.465844,-97.383799,https://mitehuacan.mx/?ruta=41
1,Taller De Hojalateria Y Pintura Vazquez,taller,88,18.463966,-97.384722,https://mitehuacan.mx/?ruta=41
1,Servicio Lara,taller,89,18.451789,-97.386781,https://mitehuacan.mx/?ruta=41
1,Servicio Automotriz Gama,taller,91,18.428579,-97.371484,https://mitehuacan.mx/?ruta=41
1,Club De Nutricion Herba Life,taller,92,18.45528,-97.390488,https://mitehuacan.mx/?ruta=41
1,Composturas De Prendas De Vestir Sin Nombre,taller,92,18.463991,-97.388149,https://mitehuacan.mx/?ruta=41
1,Taller De Joyeria Clarita,taller,94,18.457428,-97.390629,https://mitehuacan.mx/?ruta=41
1,Venta De Botanas Preparas Sin Nombre,taller,96,18.466728,-97.385012,https://mitehuacan.mx/?ruta=41
1,Fat Bastard,taller,98,18.457965,-97.392444,https://mitehuacan.mx/?ruta=41
1,Club De Nutricion Herbalife,taller,99,18.459622,-97.392428,https://mitehuacan.mx/?ruta=41
1,Taller Mecanico Centro Integral Automotriz Romero Tehuacan,taller,100,18.467736,-97.389271,https://mitehuacan.mx/?ruta=41
1,Reconstructora Y Rectificadora De Motores Del Centro,taller,103,18.4668,-97.386669,https://mitehuacan.mx/?ruta=41
1,Servicio Electrico Carrera,taller,103,18.457373,-97.388591,https://mitehuacan.mx/?ruta=41
1,Club De Nutricion Herbalife,taller,105,18.460646,-97.39246,https://mitehuacan.mx/?ruta=41
1,Taller De Hojalateria Y Pintura Sin Nombre,taller,106,18.465252,-97.383695,https://mitehuacan.mx/?ruta=41
1,Servicio Electrico Automotriz Coronado,taller,107,18.447284,-97.383858,https://mitehuacan.mx/?ruta=41
1,Churros Rellenos Apachurro,taller,108,18.459072,-97.392525,https://mitehuacan.mx/?ruta=41
1,Servicio Automotriz Rching,taller,108,18.456388,-97.388463,https://mitehuacan.mx/?ruta=41
1,Servicios Rojas,taller,108,18.441218,-97.381252,https://mitehuacan.mx/?ruta=41
1,Taller De Suspensiones Y Frenos Tehuacan,taller,114,18.450788,-97.386312,https://mitehuacan.mx/?ruta=41
1,Muelles Vidal,taller,117,18.462779,-97.388333,https://mitehuacan.mx/?ruta=41
1,Servicio De Hojalateria Y Pintura Centro Automotriz Cadillac,taller,120,18.456272,-97.387736,https://mitehuacan.mx/?ruta=41
1,Fruti Rico,taller,126,18.46124,-97.392645,https://mitehuacan.mx/?ruta=41
1,Reparaciones De Productos De Fierro Y Lamina Merino,taller,126,18.448578,-97.381955,https://mitehuacan.mx/?ruta=41
1,Venta De Elotes Y Esquites,taller,134,18.46008,-97.38822,https://mitehuacan.mx/?ruta=41
1,Conposturas De Prendas,taller,140,18.431611,-97.374748,https://mitehuacan.mx/?ruta=41
1,Taller De Torno,taller,141,18.463522,-97.387066,https://mitehuacan.mx/?ruta=41
1,Compostura De Pantalon Sin Nombre,taller,144,18.446245,-97.38052,https://mitehuacan.mx/?ruta=41
1,Autolavado Sin Nombre,taller,146,18.419733,-97.377112,https://mitehuacan.mx/?ruta=41
1,Venta De Elotes Y Esquites El Calvario,taller,146,18.453278,-97.391623,https://mitehuacan.mx/?ruta=41
1,Veterinaria Santa Cruz,veterinaria,2,18.462491,-97.389456,https://mitehuacan.mx/?ruta=41
1,Tienda De Accesorios Para Mascotas,veterinaria,4,18.457248,-97.391484,https://mitehuacan.mx/?ruta=41
1,Veterinaria Mundo Animal,veterinaria,7,18.465956,-97.391438,https://mitehuacan.mx/?ruta=41
1,Venta De Alimentos Para Aves Alimentos Balanceados La Granji,veterinaria,11,18.462206,-97.389332,https://mitehuacan.mx/?ruta=41
1,M2 Peritos,veterinaria,28,18.465129,-97.389266,https://mitehuacan.mx/?ruta=41
1,Veterinaria Los Pitbull,veterinaria,86,18.429915,-97.37566,https://mitehuacan.mx/?ruta=41
1,Veterinaria Belka,veterinaria,117,18.456364,-97.387951,https://mitehuacan.mx/?ruta=41
1,Farmacia Veterinaria Clinica San Jose,veterinaria,141,18.453156,-97.389923,https://mitehuacan.mx/?ruta=41
2,Abarrotes Sandy,abarrotes,0,18.454139,-97.387414,https://mitehuacan.mx/?ruta=41
2,Miscelanea Juquilita,abarrotes,0,18.465862,-97.384699,https://mitehuacan.mx/?ruta=41
2,Miscelanea La Veracruzana 1,abarrotes,0,18.465871,-97.389265,https://mitehuacan.mx/?ruta=41
2,Miscelanea Maemy,abarrotes,0,18.419464,-97.372362,https://mitehuacan.mx/?ruta=41
2,Miscelanea Sammy,abarrotes,0,18.455413,-97.389406,https://mitehuacan.mx/?ruta=41
2,Miscelanea Sin Nombre,abarrotes,0,18.453943,-97.387353,https://mitehuacan.mx/?ruta=41
2,Tienda De Abarrotes Kaby,abarrotes,0,18.454414,-97.388586,https://mitehuacan.mx/?ruta=41
2,Abarrotes La Guadalupana,abarrotes,1,18.460065,-97.389479,https://mitehuacan.mx/?ruta=41
2,Abarrotes La Rosita,abarrotes,1,18.424719,-97.372003,https://mitehuacan.mx/?ruta=41
2,Frutas Y Verduras Tia Elo,abarrotes,1,18.443087,-97.380818,https://mitehuacan.mx/?ruta=41
2,Maguen David,abarrotes,1,18.414299,-97.368105,https://mitehuacan.mx/?ruta=41
2,Mini Super Sen Sei,abarrotes,1,18.42095,-97.376023,https://mitehuacan.mx/?ruta=41
2,Minisuper Juquilita,abarrotes,1,18.419192,-97.375381,https://mitehuacan.mx/?ruta=41
2,Minisuper Mar Mar,abarrotes,1,18.421533,-97.374727,https://mitehuacan.mx/?ruta=41
2,Miscelanea Alan,abarrotes,1,18.463124,-97.389438,https://mitehuacan.mx/?ruta=41
2,Miscelanea Dani,abarrotes,1,18.446365,-97.382209,https://mitehuacan.mx/?ruta=41
2,Miscelanea Emanuel,abarrotes,1,18.429995,-97.372698,https://mitehuacan.mx/?ruta=41
2,Miscelanea La Esperanza,abarrotes,1,18.419177,-97.374114,https://mitehuacan.mx/?ruta=41
2,Miscelanea Libramiento,abarrotes,1,18.44096,-97.377248,https://mitehuacan.mx/?ruta=41
2,Miscelanea Perlita,abarrotes,1,18.465857,-97.387019,https://mitehuacan.mx/?ruta=41
2,Miscelanea Sin Nombre,abarrotes,1,18.424719,-97.372003,https://mitehuacan.mx/?ruta=41
2,La Bendicion,abarrotes,2,18.430904,-97.37022,https://mitehuacan.mx/?ruta=41
2,Miscelanea Carmelita,abarrotes,2,18.449489,-97.383789,https://mitehuacan.mx/?ruta=41
2,Miscelanea De La Rosa,abarrotes,2,18.430076,-97.372742,https://mitehuacan.mx/?ruta=41
2,Miscelanea La Corona,abarrotes,2,18.448754,-97.383354,https://mitehuacan.mx/?ruta=41
2,Miscelanea Soledad,abarrotes,2,18.466856,-97.390301,https://mitehuacan.mx/?ruta=41
2,Los Traviesos,abarrotes,3,18.414412,-97.369217,https://mitehuacan.mx/?ruta=41
2,Miscelanea Mi Tiendita,abarrotes,3,18.464807,-97.386234,https://mitehuacan.mx/?ruta=41
2,Miscelanea Ringo,abarrotes,3,18.457749,-97.389527,https://mitehuacan.mx/?ruta=41
2,Miscelanea Sin Nombre,abarrotes,3,18.419044,-97.374661,https://mitehuacan.mx/?ruta=41
2,Miscelanea Sin Nombre,abarrotes,3,18.414613,-97.369296,https://mitehuacan.mx/?ruta=41
2,Tienda De Abarrotes Dany,abarrotes,3,18.460761,-97.389492,https://mitehuacan.mx/?ruta=41
2,Abarrotes Y Semillas La Perla,abarrotes,4,18.454456,-97.389296,https://mitehuacan.mx/?ruta=41
2,Desayunos Antojitos Y Comida,abarrotes,4,18.43252,-97.370358,https://mitehuacan.mx/?ruta=41
2,Mi Linda Tiendita,abarrotes,4,18.4155,-97.368929,https://mitehuacan.mx/?ruta=41
2,Mini Super Gamma,abarrotes,4,18.466822,-97.391325,https://mitehuacan.mx/?ruta=41
2,Miscelanea Amaya,abarrotes,4,18.425218,-97.372678,https://mitehuacan.mx/?ruta=41
2,Miscelanea Arylu,abarrotes,4,18.464812,-97.388776,https://mitehuacan.mx/?ruta=41
2,Miscelanea El Buen Pastor,abarrotes,4,18.448083,-97.383075,https://mitehuacan.mx/?ruta=41
2,Miscelanea Guadalupe,abarrotes,4,18.425228,-97.372649,https://mitehuacan.mx/?ruta=41
2,Miscelanea La Ideal,abarrotes,4,18.464768,-97.387649,https://mitehuacan.mx/?ruta=41
2,Miscelanea Mariel,abarrotes,4,18.425362,-97.372266,https://mitehuacan.mx/?ruta=41
2,Tienda De Abarrotes El Señor De La Misericordia,abarrotes,4,18.464856,-97.388054,https://mitehuacan.mx/?ruta=41
2,Abarrotes Rivera,abarrotes,5,18.450728,-97.384825,https://mitehuacan.mx/?ruta=41
2,Casa Zaramart,abarrotes,5,18.430434,-97.374152,https://mitehuacan.mx/?ruta=41
2,Miscelanea Aqui,abarrotes,5,18.458681,-97.391459,https://mitehuacan.mx/?ruta=41
2,Miscelanea El Pollo,abarrotes,5,18.465773,-97.384587,https://mitehuacan.mx/?ruta=41
2,Miscelanea Lili,abarrotes,5,18.457043,-97.389529,https://mitehuacan.mx/?ruta=41
2,Miscelanea Mini Ocsito,abarrotes,5,18.463518,-97.391362,https://mitehuacan.mx/?ruta=41
2,Miscelanea Nuevo Mundo,abarrotes,5,18.464939,-97.391343,https://mitehuacan.mx/?ruta=41
2,Miscelanea Sin Nombre,abarrotes,5,18.428215,-97.375001,https://mitehuacan.mx/?ruta=41
2,Tienda Perez,abarrotes,5,18.416341,-97.370433,https://mitehuacan.mx/?ruta=41
2,Venta De Abarrotes Sin Nombre,abarrotes,5,18.450702,-97.384688,https://mitehuacan.mx/?ruta=41
2,"Comercio Al Por Menor En Tiendas De Abarrotes, Ultramarinos ",abarrotes,6,18.445492,-97.381579,https://mitehuacan.mx/?ruta=41
2,Mini Super Suarez,abarrotes,6,18.451318,-97.385156,https://mitehuacan.mx/?ruta=41
2,Barroso,abarrotes,7,18.459605,-97.391549,https://mitehuacan.mx/?ruta=41
2,Miscelanea Juquilita,abarrotes,7,18.452644,-97.386162,https://mitehuacan.mx/?ruta=41
2,Miscelanea Juanita,abarrotes,8,18.465933,-97.385532,https://mitehuacan.mx/?ruta=41
2,Miscelanea Lucero,abarrotes,8,18.452858,-97.386325,https://mitehuacan.mx/?ruta=41
2,Miscelanea San Antonio,abarrotes,8,18.417005,-97.369039,https://mitehuacan.mx/?ruta=41
2,Tienda Lobo Abarrotero,abarrotes,8,18.455866,-97.391618,https://mitehuacan.mx/?ruta=41
2,Mini Super La Botana Ii,abarrotes,9,18.441224,-97.380237,https://mitehuacan.mx/?ruta=41
2,Miscelanea Casa Gonzalez,abarrotes,9,18.454328,-97.388681,https://mitehuacan.mx/?ruta=41
2,Miscelanea El Puma,abarrotes,9,18.45432,-97.38784,https://mitehuacan.mx/?ruta=41
2,Miscelanea Jimenez,abarrotes,9,18.454322,-97.387982,https://mitehuacan.mx/?ruta=41
2,Miscelanea Mayito,abarrotes,9,18.466957,-97.390459,https://mitehuacan.mx/?ruta=41
2,Miscelanea San Francisco,abarrotes,9,18.430149,-97.371013,https://mitehuacan.mx/?ruta=41
2,Miscelanea Sanchez,abarrotes,9,18.454379,-97.390779,https://mitehuacan.mx/?ruta=41
2,Tienda De Abarrotes Sin Nombres,abarrotes,9,18.453767,-97.387015,https://mitehuacan.mx/?ruta=41
2,Tiendita De La Esquina,abarrotes,9,18.465203,-97.384627,https://mitehuacan.mx/?ruta=41
2,Walos Minisuper,abarrotes,9,18.453532,-97.386837,https://mitehuacan.mx/?ruta=41
2,Abarrotes Estrella De Oriente,abarrotes,10,18.457453,-97.391614,https://mitehuacan.mx/?ruta=41
2,Abarrotes Mendoza,abarrotes,10,18.413604,-97.368776,https://mitehuacan.mx/?ruta=41
2,Miscelanea El Punto,abarrotes,10,18.427794,-97.374843,https://mitehuacan.mx/?ruta=41
2,Tienda De Jesus,abarrotes,10,18.419433,-97.373848,https://mitehuacan.mx/?ruta=41
2,Tiendita Adonai,abarrotes,10,18.430269,-97.373465,https://mitehuacan.mx/?ruta=41
2,Venta De Tortilla,abarrotes,10,18.430001,-97.371227,https://mitehuacan.mx/?ruta=41
2,Miscelanea Leo,abarrotes,11,18.42048,-97.375741,https://mitehuacan.mx/?ruta=41
2,Tienda De Abarrotes Comercializadora Casa Hernandez,abarrotes,11,18.461609,-97.389347,https://mitehuacan.mx/?ruta=41
2,Abarrotes Ofeve De Tehuacan,abarrotes,12,18.460233,-97.389374,https://mitehuacan.mx/?ruta=41
2,Abarrotes Ofeve De Tehuacan,abarrotes,12,18.460048,-97.389377,https://mitehuacan.mx/?ruta=41
2,Miscelanea Marin,abarrotes,12,18.448047,-97.382885,https://mitehuacan.mx/?ruta=41
2,Panda Express Iii,abarrotes,12,18.430151,-97.374629,https://mitehuacan.mx/?ruta=41
2,Mini Super La Guereja,abarrotes,13,18.462785,-97.389318,https://mitehuacan.mx/?ruta=41
2,Compra Y Venta De Abarrotes Miscelanea Conchita,abarrotes,15,18.452217,-97.385748,https://mitehuacan.mx/?ruta=41
2,Minisuper Panda Expres,abarrotes,15,18.426229,-97.374571,https://mitehuacan.mx/?ruta=41
2,Tiendita Brigida,abarrotes,15,18.430563,-97.373542,https://mitehuacan.mx/?ruta=41
2,Miscelanea Mendez,abarrotes,16,18.456451,-97.389431,https://mitehuacan.mx/?ruta=41
2,Abarrotes Vega,abarrotes,17,18.464634,-97.384671,https://mitehuacan.mx/?ruta=41
2,Tiendita Sin Nombre,abarrotes,17,18.424669,-97.372147,https://mitehuacan.mx/?ruta=41
2,Tienda De Abarrotes Sin Nombre,abarrotes,18,18.453089,-97.38639,https://mitehuacan.mx/?ruta=41
2,Miscelanea Minisuper Suarez,abarrotes,20,18.456769,-97.389386,https://mitehuacan.mx/?ruta=41
2,Miscelanea Kary,abarrotes,22,18.426242,-97.374644,https://mitehuacan.mx/?ruta=41
2,Minisuper Panda Expres Ii,abarrotes,24,18.416697,-97.36875,https://mitehuacan.mx/?ruta=41
2,Miscelanea Don Guicho,abarrotes,24,18.416596,-97.368708,https://mitehuacan.mx/?ruta=41
2,Miscelanea Panaderia La Luz,abarrotes,24,18.416625,-97.36872,https://mitehuacan.mx/?ruta=41
2,Miscelanea Edith,abarrotes,25,18.447101,-97.382889,https://mitehuacan.mx/?ruta=41
2,Miscelanea Marianita,abarrotes,25,18.42496,-97.372384,https://mitehuacan.mx/?ruta=41
2,Miscelanea Sin Nombre,abarrotes,25,18.419597,-97.375847,https://mitehuacan.mx/?ruta=41
2,Abarrotes Sin Nombre,abarrotes,27,18.461948,-97.391178,https://mitehuacan.mx/?ruta=41
2,Abarrotes Y Semillas La Ideal,abarrotes,27,18.461948,-97.391178,https://mitehuacan.mx/?ruta=41
2,Miscelanea Kioto,abarrotes,27,18.465968,-97.389677,https://mitehuacan.mx/?ruta=41
2,Miscelanea San Martin,abarrotes,29,18.430677,-97.374381,https://mitehuacan.mx/?ruta=41
2,Miscelanea Denisse,abarrotes,30,18.425072,-97.371781,https://mitehuacan.mx/?ruta=41
2,Tienda De Abarrotes Girasoles,abarrotes,30,18.454835,-97.391618,https://mitehuacan.mx/?ruta=41
2,Miscelanea La Luz,abarrotes,31,18.467187,-97.391425,https://mitehuacan.mx/?ruta=41
2,Miscelanea Moctezuma,abarrotes,31,18.465859,-97.384339,https://mitehuacan.mx/?ruta=41
2,Tienda La Guadalupana,abarrotes,32,18.415067,-97.368953,https://mitehuacan.mx/?ruta=41
2,Miscelanea Alba,abarrotes,33,18.454438,-97.387259,https://mitehuacan.mx/?ruta=41
2,Miscelanea Rubi,abarrotes,33,18.446364,-97.382578,https://mitehuacan.mx/?ruta=41
2,Casa Juarez,abarrotes,34,18.423307,-97.372998,https://mitehuacan.mx/?ruta=41
2,Miselanea Don Abel,abarrotes,34,18.429663,-97.37398,https://mitehuacan.mx/?ruta=41
2,Venta De Dulces Y Miscelanea Yoloxochilt,abarrotes,36,18.460085,-97.38983,https://mitehuacan.mx/?ruta=41
2,Miscelanea Sarahi,abarrotes,37,18.420955,-97.376455,https://mitehuacan.mx/?ruta=41
2,La Central,abarrotes,38,18.415187,-97.368467,https://mitehuacan.mx/?ruta=41
2,Miscelanea Rosy,abarrotes,41,18.425833,-97.370589,https://mitehuacan.mx/?ruta=41
2,Miscelanea Don Bigos,abarrotes,42,18.450013,-97.384864,https://mitehuacan.mx/?ruta=41
2,Venta De Refrescos Y Botanas Sin Nombre,abarrotes,42,18.45754,-97.391128,https://mitehuacan.mx/?ruta=41
2,Miscelanea Vanessa,abarrotes,43,18.426105,-97.370771,https://mitehuacan.mx/?ruta=41
2,Tienda Sin Sombre,abarrotes,43,18.446057,-97.381491,https://mitehuacan.mx/?ruta=41
2,Miscelanea Adriana,abarrotes,46,18.465962,-97.390939,https://mitehuacan.mx/?ruta=41
2,Miscelanea Sanchez,abarrotes,46,18.45169,-97.386203,https://mitehuacan.mx/?ruta=41
2,Miscelanea Sin Nombre,abarrotes,46,18.464339,-97.384769,https://mitehuacan.mx/?ruta=41
2,Mi Super Las Flores Ii,abarrotes,47,18.425914,-97.374749,https://mitehuacan.mx/?ruta=41
2,Miscelanea La Veracruzana Ii,abarrotes,47,18.464415,-97.388418,https://mitehuacan.mx/?ruta=41
2,Compra Y Ventade Abarrotes Miscelanea Maceda,abarrotes,48,18.452928,-97.385909,https://mitehuacan.mx/?ruta=41
2,Miscelanea Lupita,abarrotes,49,18.465431,-97.389391,https://mitehuacan.mx/?ruta=41
2,Miscelanea Arlet,abarrotes,50,18.451728,-97.386278,https://mitehuacan.mx/?ruta=41
2,Miscelanea La Tiendita,abarrotes,50,18.462958,-97.389911,https://mitehuacan.mx/?ruta=41
2,Tienda De Abarrotes Ultramarinos Y Miscelanea El Surtidor,abarrotes,50,18.460926,-97.391934,https://mitehuacan.mx/?ruta=41
2,Miscelanea,abarrotes,51,18.428047,-97.374518,https://mitehuacan.mx/?ruta=41
2,Miscelanea Sin Nombre,abarrotes,51,18.454691,-97.387248,https://mitehuacan.mx/?ruta=41
2,Miscelanea Jony,abarrotes,54,18.441546,-97.378445,https://mitehuacan.mx/?ruta=41
2,Miscelanea Sin Nombre,abarrotes,54,18.415688,-97.369719,https://mitehuacan.mx/?ruta=41
2,Miscelanea Hernandez,abarrotes,55,18.453931,-97.389608,https://mitehuacan.mx/?ruta=41
2,Miscelanea Vazquez,abarrotes,55,18.464656,-97.384256,https://mitehuacan.mx/?ruta=41
2,Miscelanea Luchita,abarrotes,56,18.453102,-97.387378,https://mitehuacan.mx/?ruta=41
2,Miscelanea Tere,abarrotes,56,18.431251,-97.373555,https://mitehuacan.mx/?ruta=41
2,Venta De Dulces Varios Sin Nombre,abarrotes,56,18.447149,-97.381952,https://mitehuacan.mx/?ruta=41
2,Miscelanea Sin Nombre,abarrotes,57,18.453894,-97.388696,https://mitehuacan.mx/?ruta=41
2,Miscelanea Kevin,abarrotes,58,18.420309,-97.376438,https://mitehuacan.mx/?ruta=41
2,Miscelanea Mary,abarrotes,58,18.450915,-97.385744,https://mitehuacan.mx/?ruta=41
2,Miscelanea Sin Nombre,abarrotes,58,18.454782,-97.387245,https://mitehuacan.mx/?ruta=41
2,Miscelanea Gonzalez,abarrotes,60,18.450422,-97.383851,https://mitehuacan.mx/?ruta=41
2,Miscelanea Tinita,abarrotes,60,18.449944,-97.385018,https://mitehuacan.mx/?ruta=41
2,Miscelanea Sanchez,abarrotes,61,18.447513,-97.383487,https://mitehuacan.mx/?ruta=41
2,Miscelanea Yañez,abarrotes,62,18.428667,-97.372055,https://mitehuacan.mx/?ruta=41
2,Abarrotes La Corona De Tehuacan,abarrotes,63,18.460777,-97.390061,https://mitehuacan.mx/?ruta=41
2,Miscelanea Felix,abarrotes,63,18.445299,-97.380934,https://mitehuacan.mx/?ruta=41
2,Miscelanea Guzman,abarrotes,63,18.428623,-97.372536,https://mitehuacan.mx/?ruta=41
2,Tienda De Abarrotes Sin Nombre,abarrotes,63,18.415184,-97.368066,https://mitehuacan.mx/?ruta=41
2,Miscelanea Carlita,abarrotes,64,18.412247,-97.367379,https://mitehuacan.mx/?ruta=41
2,Miscelanea Lupita,abarrotes,64,18.447817,-97.382218,https://mitehuacan.mx/?ruta=41
2,Miscelanea Sin Nombre,abarrotes,64,18.465326,-97.384082,https://mitehuacan.mx/?ruta=41
2,Miscelanea Lunita,abarrotes,65,18.423633,-97.372884,https://mitehuacan.mx/?ruta=41
2,Miscelanea Lupita,abarrotes,65,18.450891,-97.384126,https://mitehuacan.mx/?ruta=41
2,Compra Y Venta De Abarrotes Cuesta,abarrotes,66,18.454872,-97.387241,https://mitehuacan.mx/?ruta=41
2,Miscelanea Erika,abarrotes,66,18.446209,-97.382839,https://mitehuacan.mx/?ruta=41
2,Miscelanea Estrella De Oriente,abarrotes,67,18.454301,-97.38675,https://mitehuacan.mx/?ruta=41
2,Miscelanea Carmelita,abarrotes,69,18.451355,-97.386216,https://mitehuacan.mx/?ruta=41
2,Miscelanea Rosy,abarrotes,69,18.466497,-97.386948,https://mitehuacan.mx/?ruta=41
2,Miscelanea San Miguel,abarrotes,70,18.453792,-97.389498,https://mitehuacan.mx/?ruta=41
2,Miscelanea Sin Nombre,abarrotes,70,18.466222,-97.38408,https://mitehuacan.mx/?ruta=41
2,Miscelanea Anita,abarrotes,71,18.451421,-97.386289,https://mitehuacan.mx/?ruta=41
2,Miscelanea Fernandez,abarrotes,71,18.42768,-97.374187,https://mitehuacan.mx/?ruta=41
2,Miscelanea Jimena,abarrotes,71,18.452242,-97.386914,https://mitehuacan.mx/?ruta=41
2,Miscelanea Sin Nombre,abarrotes,71,18.45341,-97.387776,https://mitehuacan.mx/?ruta=41
2,Abarrotes La Colmenita,abarrotes,72,18.461662,-97.390759,https://mitehuacan.mx/?ruta=41
2,Abarrotes La Union,abarrotes,73,18.45835,-97.390239,https://mitehuacan.mx/?ruta=41
2,Tienda De Abarrotes La Cordobesa,abarrotes,73,18.461164,-97.390761,https://mitehuacan.mx/?ruta=41
2,Tienda De Abarrotes Megapromo,abarrotes,73,18.448201,-97.383987,https://mitehuacan.mx/?ruta=41
2,Cremeria La Vaquita,abarrotes,74,18.465911,-97.383929,https://mitehuacan.mx/?ruta=41
2,Miscelanea Angel,abarrotes,75,18.441986,-97.381255,https://mitehuacan.mx/?ruta=41
2,Miscelanea La Luz,abarrotes,75,18.421017,-97.374147,https://mitehuacan.mx/?ruta=41
2,Miscelanea La Estrella,abarrotes,76,18.467519,-97.389272,https://mitehuacan.mx/?ruta=41
2,Miscelanea Sin Nombre,abarrotes,76,18.451889,-97.38477,https://mitehuacan.mx/?ruta=41
2,La Pichi Tiendita,abarrotes,77,18.459995,-97.390749,https://mitehuacan.mx/?ruta=41
2,Miscelanea Valeria,abarrotes,77,18.447436,-97.383613,https://mitehuacan.mx/?ruta=41
2,Miscelanea Hernandez,abarrotes,78,18.450565,-97.383751,https://mitehuacan.mx/?ruta=41
2,Miscelanea Sanchez,abarrotes,78,18.466913,-97.388696,https://mitehuacan.mx/?ruta=41
2,Miscelanea Moy,abarrotes,79,18.455388,-97.3875,https://mitehuacan.mx/?ruta=41
2,Miscelanea Jeny,abarrotes,80,18.446794,-97.383303,https://mitehuacan.mx/?ruta=41
2,Miscelanea Preciosa,abarrotes,80,18.452647,-97.387315,https://mitehuacan.mx/?ruta=41
2,Miscelanea Y Tortillas Montalvo,abarrotes,80,18.451053,-97.384083,https://mitehuacan.mx/?ruta=41
2,Abarrotes La Poblanita,abarrotes,82,18.460837,-97.388683,https://mitehuacan.mx/?ruta=41
2,Miscelanea Cuahtemoc,abarrotes,83,18.457909,-97.390336,https://mitehuacan.mx/?ruta=41
2,Miscelanea Sin Nombre,abarrotes,84,18.418892,-97.376193,https://mitehuacan.mx/?ruta=41
2,Tienda De Abarrotes Fanny,abarrotes,84,18.450375,-97.383538,https://mitehuacan.mx/?ruta=41
2,Tienda Sin Nombre,abarrotes,85,18.467612,-97.389361,https://mitehuacan.mx/?ruta=41
2,Ugui,abarrotes,86,18.412034,-97.366911,https://mitehuacan.mx/?ruta=41
2,Terminal Independencia,abarrotes,88,18.462847,-97.390275,https://mitehuacan.mx/?ruta=41
2,Miscelanea Ana,abarrotes,89,18.452024,-97.38472,https://mitehuacan.mx/?ruta=41
2,Miscelanea Doña Asuncion,abarrotes,90,18.445603,-97.38277,https://mitehuacan.mx/?ruta=41
2,Abarrotes Rivera,abarrotes,91,18.450998,-97.386206,https://mitehuacan.mx/?ruta=41
2,Miscelanea Sin Nombre,abarrotes,92,18.467713,-97.390588,https://mitehuacan.mx/?ruta=41
2,Miselanea Juquilita,abarrotes,92,18.430098,-97.36979,https://mitehuacan.mx/?ruta=41
2,Miscelanea Paty,abarrotes,93,18.431589,-97.373593,https://mitehuacan.mx/?ruta=41
2,Tienda De Abarrotes Yaziel,abarrotes,93,18.455361,-97.390486,https://mitehuacan.mx/?ruta=41
2,Miscelanea Osmin,abarrotes,94,18.457415,-97.390451,https://mitehuacan.mx/?ruta=41
2,Miscelanea Cristal,abarrotes,95,18.42412,-97.372717,https://mitehuacan.mx/?ruta=41
2,Miscelanea Sin Nombre,abarrotes,95,18.453376,-97.385699,https://mitehuacan.mx/?ruta=41
2,Miscelanea Sin Nombre,abarrotes,95,18.448203,-97.382085,https://mitehuacan.mx/?ruta=41
2,Miscelanea Marquitos,abarrotes,96,18.446794,-97.383477,https://mitehuacan.mx/?ruta=41
2,Misc 3 Hermanos,abarrotes,97,18.411936,-97.367276,https://mitehuacan.mx/?ruta=41
2,Miscelanea Cabanzo,abarrotes,97,18.425684,-97.369971,https://mitehuacan.mx/?ruta=41
2,Miscelanea La Esperanza,abarrotes,97,18.431179,-97.374791,https://mitehuacan.mx/?ruta=41
2,Miscelanea El Guero,abarrotes,98,18.457965,-97.392444,https://mitehuacan.mx/?ruta=41
2,Abarrotes Sandy,abarrotes,99,18.465254,-97.383762,https://mitehuacan.mx/?ruta=41
2,Venta De Abarrotes Sin Nombre,abarrotes,99,18.44938,-97.382652,https://mitehuacan.mx/?ruta=41
2,Abarrotes Sin Nombre,abarrotes,100,18.454294,-97.386351,https://mitehuacan.mx/?ruta=41
2,Tiendita Don Michi,abarrotes,100,18.417844,-97.369192,https://mitehuacan.mx/?ruta=41
2,Ultramarinos Y Venta De Cerveza Perla Negra,abarrotes,101,18.464646,-97.38382,https://mitehuacan.mx/?ruta=41
2,Miscelanea Gonzalez,abarrotes,102,18.457363,-97.390533,https://mitehuacan.mx/?ruta=41
2,Miscelanea Mitzi,abarrotes,103,18.431467,-97.374183,https://mitehuacan.mx/?ruta=41
2,Tienda La Morenita,abarrotes,103,18.462982,-97.390421,https://mitehuacan.mx/?ruta=41
2,Miscelanea Don Juan,abarrotes,104,18.446424,-97.383362,https://mitehuacan.mx/?ruta=41
2,Miscelanea Angy,abarrotes,105,18.449032,-97.382411,https://mitehuacan.mx/?ruta=41
2,Miscelanea Flores,abarrotes,105,18.453422,-97.388183,https://mitehuacan.mx/?ruta=41
2,Cerveceria Six,abarrotes,107,18.447284,-97.383858,https://mitehuacan.mx/?ruta=41
2,Miscelanea El Oasis,abarrotes,107,18.447634,-97.384046,https://mitehuacan.mx/?ruta=41
2,Miscelanea Janeth,abarrotes,108,18.453437,-97.388676,https://mitehuacan.mx/?ruta=41
2,Miscelanea Juquilita,abarrotes,108,18.431091,-97.375276,https://mitehuacan.mx/?ruta=41
2,Miscelanea La Campiña,abarrotes,108,18.456385,-97.388396,https://mitehuacan.mx/?ruta=41
2,Miscelanea Santo Domingo,abarrotes,108,18.446747,-97.38358,https://mitehuacan.mx/?ruta=41
2,Miscelanea El Mirador,abarrotes,109,18.456391,-97.388519,https://mitehuacan.mx/?ruta=41
2,Miscelanea Medina,abarrotes,109,18.453468,-97.390478,https://mitehuacan.mx/?ruta=41
2,Miscelanea Sin Nombre,abarrotes,109,18.453478,-97.390895,https://mitehuacan.mx/?ruta=41
2,Miscelanea Charly,abarrotes,112,18.453564,-97.391515,https://mitehuacan.mx/?ruta=41
2,Miscelanea Mary,abarrotes,112,18.424088,-97.370439,https://mitehuacan.mx/?ruta=41
2,Tienda Ana Luz,abarrotes,113,18.448001,-97.384297,https://mitehuacan.mx/?ruta=41
2,Tienda De Abarrotes Sin Nombre,abarrotes,115,18.449031,-97.384957,https://mitehuacan.mx/?ruta=41
2,Miscelanea Melanie,abarrotes,117,18.430424,-97.375874,https://mitehuacan.mx/?ruta=41
2,Abarrotes Sin Nombre,abarrotes,118,18.458574,-97.388417,https://mitehuacan.mx/?ruta=41
2,Miscelanea Ade,abarrotes,118,18.418485,-97.376388,https://mitehuacan.mx/?ruta=41
2,Miscelanea Las Flores,abarrotes,118,18.453347,-97.388679,https://mitehuacan.mx/?ruta=41
2,Miscelanea Sin Nombre,abarrotes,118,18.440391,-97.373092,https://mitehuacan.mx/?ruta=41
2,Abarrotes Yoshi,abarrotes,119,18.452161,-97.387405,https://mitehuacan.mx/?ruta=41
2,El Habito,abarrotes,120,18.463024,-97.392556,https://mitehuacan.mx/?ruta=41
2,Estacionamiento La Corona,abarrotes,121,18.460738,-97.388324,https://mitehuacan.mx/?ruta=41
2,Mini Oxxito,abarrotes,122,18.453338,-97.39033,https://mitehuacan.mx/?ruta=41
2,Miscelanea Los Pinos,abarrotes,122,18.448964,-97.382194,https://mitehuacan.mx/?ruta=41
2,Miscelanea Juquilita 5,abarrotes,124,18.427741,-97.373684,https://mitehuacan.mx/?ruta=41
2,Miscelanea La Pequeña Lulu,abarrotes,125,18.453662,-97.385566,https://mitehuacan.mx/?ruta=41
2,Miscelanea Sanchez,abarrotes,126,18.450616,-97.386318,https://mitehuacan.mx/?ruta=41
2,Miselanea Servifrutas,abarrotes,127,18.426783,-97.370398,https://mitehuacan.mx/?ruta=41
2,Miscelanea La Vencedora,abarrotes,128,18.449956,-97.385834,https://mitehuacan.mx/?ruta=41
2,Miscelanea Ninfa,abarrotes,129,18.448528,-97.384778,https://mitehuacan.mx/?ruta=41
2,Miscelanea Señor De Otatitlan,abarrotes,129,18.431378,-97.375091,https://mitehuacan.mx/?ruta=41
2,Miscelanea El Antojo,abarrotes,130,18.456038,-97.392768,https://mitehuacan.mx/?ruta=41
2,Miscelanea La Ventanita,abarrotes,130,18.463595,-97.385364,https://mitehuacan.mx/?ruta=41
2,Miscelanea Sarai,abarrotes,130,18.42266,-97.370753,https://mitehuacan.mx/?ruta=41
2,Tienda La Paz,abarrotes,131,18.448062,-97.381634,https://mitehuacan.mx/?ruta=41
2,Tienda Sin Nombre,abarrotes,132,18.441261,-97.373604,https://mitehuacan.mx/?ruta=41
2,Abarrotes Sin Nombre,abarrotes,134,18.449236,-97.385342,https://mitehuacan.mx/?ruta=41
2,Miscelanea Diamante,abarrotes,134,18.445612,-97.383239,https://mitehuacan.mx/?ruta=41
2,Miscelanea El Calvario,abarrotes,134,18.453337,-97.3915,https://mitehuacan.mx/?ruta=41
2,Miscelanea San Francisco,abarrotes,134,18.453006,-97.384955,https://mitehuacan.mx/?ruta=41
2,Miscelanea Cesi,abarrotes,135,18.445464,-97.383179,https://mitehuacan.mx/?ruta=41
2,Miscelanea Esmeralda,abarrotes,136,18.46354,-97.384578,https://mitehuacan.mx/?ruta=41
2,Abarrotes Alvarado,abarrotes,137,18.424465,-97.369582,https://mitehuacan.mx/?ruta=41
2,Minisuper Flor,abarrotes,137,18.428082,-97.37298,https://mitehuacan.mx/?ruta=41
2,Miscelanea Abasur,abarrotes,137,18.443836,-97.382567,https://mitehuacan.mx/?ruta=41
2,Miselanea Nueva,abarrotes,138,18.433594,-97.369497,https://mitehuacan.mx/?ruta=41
2,Miscelanea La Providencia,abarrotes,139,18.418378,-97.376561,https://mitehuacan.mx/?ruta=41
2,Miscelanea Mi Esperanza,abarrotes,139,18.432034,-97.373435,https://mitehuacan.mx/?ruta=41
2,Tienda De Abarrotes Arreola,abarrotes,139,18.455366,-97.38678,https://mitehuacan.mx/?ruta=41
2,Maryfer,abarrotes,140,18.431597,-97.374787,https://mitehuacan.mx/?ruta=41
2,Miscelanea Maguit0,abarrotes,140,18.431604,-97.374767,https://mitehuacan.mx/?ruta=41
2,Miselanea La Tiendita,abarrotes,141,18.46289,-97.388101,https://mitehuacan.mx/?ruta=41
2,Miscelanea Alva,abarrotes,144,18.429817,-97.369145,https://mitehuacan.mx/?ruta=41
2,Miscelanea Alondra,abarrotes,146,18.4522,-97.384193,https://mitehuacan.mx/?ruta=41
2,Miscelanea San Miguel,abarrotes,146,18.428331,-97.373655,https://mitehuacan.mx/?ruta=41
2,Miscelanea Tinita,abarrotes,147,18.465304,-97.383295,https://mitehuacan.mx/?ruta=41
2,Tienda Miscelanea Sin Nombre,abarrotes,147,18.453219,-97.391503,https://mitehuacan.mx/?ruta=41
2,Tienda De Abarrotes Sin Nombre,abarrotes,148,18.454284,-97.385782,https://mitehuacan.mx/?ruta=41
2,Bancoppel 3 Sur,banco,5,18.462486,-97.391382,https://mitehuacan.mx/?ruta=41
2,Banco Azteca,banco,6,18.463772,-97.391462,https://mitehuacan.mx/?ruta=41
2,Banco Forjadores,banco,38,18.467247,-97.391321,https://mitehuacan.mx/?ruta=41
2,Banco Azteca,banco,66,18.460831,-97.392086,https://mitehuacan.mx/?ruta=41
2,Escuela Primaria Rosario Castellanos,escuela,2,18.424962,-97.370999,https://mitehuacan.mx/?ruta=41
2,Instituto Tecnico Mexico,escuela,2,18.458428,-97.389521,https://mitehuacan.mx/?ruta=41
2,Escuela Taekwondo Oriente,escuela,3,18.464813,-97.386689,https://mitehuacan.mx/?ruta=41
2,Studio De Baile Fenix Family Dance,escuela,3,18.45888,-97.389495,https://mitehuacan.mx/?ruta=41
2,Centro De Capacitacion Y Desarrollo Cecade Tehuacan,escuela,4,18.464849,-97.387855,https://mitehuacan.mx/?ruta=41
2,Clases De Dibujo Sin Nombre,escuela,4,18.464762,-97.387497,https://mitehuacan.mx/?ruta=41
2,Escuela Municipal De Danza Folklorica Mexicana,escuela,4,18.464834,-97.387495,https://mitehuacan.mx/?ruta=41
2,Escuela Nacional De Sistemas Abiertos Sc,escuela,4,18.46645,-97.391329,https://mitehuacan.mx/?ruta=41
2,Escuela Primaria Ing Pastor Rouaix Turno Vespertino Clave 21,escuela,4,18.455339,-97.391516,https://mitehuacan.mx/?ruta=41
2,Escuela Primaria Pastor Roauix Turno Matutino Clave 21Epr042,escuela,4,18.455339,-97.391516,https://mitehuacan.mx/?ruta=41
2,Jardin De Niños Royal,escuela,4,18.466577,-97.391328,https://mitehuacan.mx/?ruta=41
2,Academia De Baile Italy Dance,escuela,5,18.462505,-97.391382,https://mitehuacan.mx/?ruta=41
2,Bachillerato Universitario Simon Bolivar Tehuacan,escuela,5,18.466463,-97.389382,https://mitehuacan.mx/?ruta=41
2,Escuela De Baile Dance Latino,escuela,5,18.461401,-97.391404,https://mitehuacan.mx/?ruta=41
2,Escuela Primaria Federal Club Rotario Justo Sierra,escuela,5,18.449474,-97.383893,https://mitehuacan.mx/?ruta=41
2,Instituto De Belleza Matisse,escuela,5,18.463482,-97.391363,https://mitehuacan.mx/?ruta=41
2,Instituto De Capacitacin Para El Trabajo Del Edo De Puebla,escuela,5,18.441017,-97.378783,https://mitehuacan.mx/?ruta=41
2,Ugmex Rectoria,escuela,5,18.464723,-97.385295,https://mitehuacan.mx/?ruta=41
2,Escuela Para Adultos Ineda,escuela,6,18.46439,-97.391452,https://mitehuacan.mx/?ruta=41
2,Instituto De Compuingles De Tehuacan,escuela,7,18.459957,-97.391546,https://mitehuacan.mx/?ruta=41
2,Unidad Escolar Licenciado Benito Juarez Tehuacan,escuela,7,18.459776,-97.391547,https://mitehuacan.mx/?ruta=41
2,Enseñanza Elemental Terminal El Costurero De Mariana,escuela,8,18.455785,-97.39162,https://mitehuacan.mx/?ruta=41
2,Academia De Ballet Collette,escuela,9,18.466984,-97.391075,https://mitehuacan.mx/?ruta=41
2,Escuela De Ingles Gaia Institute,escuela,9,18.466979,-97.390952,https://mitehuacan.mx/?ruta=41
2,Escuela Profesional De Tae Kwan Do,escuela,9,18.462985,-97.391333,https://mitehuacan.mx/?ruta=41
2,Jardin De Niños Francisco Javier Mina,escuela,9,18.449934,-97.384411,https://mitehuacan.mx/?ruta=41
2,Jardin De Niños Frida Kahlo,escuela,9,18.449934,-97.384411,https://mitehuacan.mx/?ruta=41
2,Escuela De Taekwodo 5,escuela,11,18.461293,-97.389346,https://mitehuacan.mx/?ruta=41
2,Escuela Particular Cetec Tehuacan,escuela,11,18.462872,-97.391318,https://mitehuacan.mx/?ruta=41
2,Seccion Educativa 414,escuela,11,18.461302,-97.389346,https://mitehuacan.mx/?ruta=41
2,Centro Academico Del Valle De Tehuacan,escuela,12,18.464738,-97.384652,https://mitehuacan.mx/?ruta=41
2,Escuela De Canto Le Canto,escuela,19,18.460808,-97.391283,https://mitehuacan.mx/?ruta=41
2,Instituto Moctezuma,escuela,22,18.465859,-97.384424,https://mitehuacan.mx/?ruta=41
2,Taekwondo Ddoyang Ceentral,escuela,27,18.454673,-97.389591,https://mitehuacan.mx/?ruta=41
2,Bachillerato Joaquin Paredes Colin,escuela,28,18.421853,-97.37479,https://mitehuacan.mx/?ruta=41
2,Fashion Line Intitutos De Belleza,escuela,28,18.461958,-97.3917,https://mitehuacan.mx/?ruta=41
2,Academia De Musica Yamaha,escuela,34,18.460763,-97.389788,https://mitehuacan.mx/?ruta=41
2,Academia De Alto Rendimiento,escuela,35,18.454308,-97.387138,https://mitehuacan.mx/?ruta=41
2,Escuela Manuel Pereyra Mejia,escuela,36,18.465123,-97.387018,https://mitehuacan.mx/?ruta=41
2,Say Yes Escuela De Ingles,escuela,40,18.457556,-97.391896,https://mitehuacan.mx/?ruta=41
2,Jademus Dance Company Academia De Baile,escuela,45,18.454836,-97.389587,https://mitehuacan.mx/?ruta=41
2,Escuela Secundaria General Guillermo Gonzalez Camarena,escuela,46,18.419665,-97.375104,https://mitehuacan.mx/?ruta=41
2,Escuela Primaria Manuel Avila Camacho Turno Matutino Clave 2,escuela,51,18.456421,-97.391051,https://mitehuacan.mx/?ruta=41
2,Instituto De Belleza Y Barber Shop Elegance,escuela,51,18.462979,-97.390935,https://mitehuacan.mx/?ruta=41
2,Jardin De Niños Federico Froebel Clave 21Djn0159R,escuela,55,18.454948,-97.390603,https://mitehuacan.mx/?ruta=41
2,Jardin De Niños German List Arzubide Clave 21Djn2466L,escuela,55,18.454948,-97.390603,https://mitehuacan.mx/?ruta=41
2,Educacion Integral Elide,escuela,57,18.464282,-97.387032,https://mitehuacan.mx/?ruta=41
2,Escuela Primaria Manuel Avila Camacho Turno Vespertino Clave,escuela,58,18.456417,-97.390976,https://mitehuacan.mx/?ruta=41
2,Escuela De Taekwondo Deportivo Mexicano Taekwondo,escuela,59,18.467356,-97.389273,https://mitehuacan.mx/?ruta=41
2,Servicios De Uñas Y Barberia Bel,escuela,63,18.465884,-97.390012,https://mitehuacan.mx/?ruta=41
2,Jardin De Niños Las Ardillitas,escuela,66,18.447283,-97.381908,https://mitehuacan.mx/?ruta=41
2,Upaep Tehuacan,escuela,66,18.441184,-97.380807,https://mitehuacan.mx/?ruta=41
2,Academia Wolf Taekwondo,escuela,67,18.451162,-97.38432,https://mitehuacan.mx/?ruta=41
2,Centro De Estudio Y Entretenimiento Arte Sana,escuela,68,18.464835,-97.390085,https://mitehuacan.mx/?ruta=41
2,Dojang Ilio Escuela De Artes Marciales,escuela,73,18.464724,-97.384074,https://mitehuacan.mx/?ruta=41
2,Campus Tehuacan,escuela,74,18.441192,-97.380894,https://mitehuacan.mx/?ruta=41
2,Estetica Y Academia Leo,escuela,74,18.464836,-97.390142,https://mitehuacan.mx/?ruta=41
2,Jardin De Niños Yolot Si,escuela,74,18.425283,-97.370048,https://mitehuacan.mx/?ruta=41
2,Centro De Asistencia Infantil Comunitario,escuela,77,18.459887,-97.39075,https://mitehuacan.mx/?ruta=41
2,Centro Educativo Prescolar,escuela,77,18.459923,-97.39075,https://mitehuacan.mx/?ruta=41
2,Estetica Y Academia De Belleza Secrets,escuela,83,18.458,-97.390336,https://mitehuacan.mx/?ruta=41
2,Academia De Belleza Stilisciima,escuela,84,18.460782,-97.390259,https://mitehuacan.mx/?ruta=41
2,Academia De Belleza Elegance,escuela,85,18.460382,-97.390664,https://mitehuacan.mx/?ruta=41
2,Jardin De Niños Loris Malaguzzi,escuela,86,18.46492,-97.390253,https://mitehuacan.mx/?ruta=41
2,Studio De Baile Bracil,escuela,88,18.4588,-97.392338,https://mitehuacan.mx/?ruta=41
2,Barber Shop Instituto De Belleza Karol,escuela,89,18.461501,-97.390292,https://mitehuacan.mx/?ruta=41
2,Instituto De Belleza Karol,escuela,89,18.461501,-97.390292,https://mitehuacan.mx/?ruta=41
2,Escuela Primaria Benito Juarez Turno Vespertino,escuela,90,18.446695,-97.381346,https://mitehuacan.mx/?ruta=41
2,Escuela Primaria Benito Juarez Turno Matutino,escuela,92,18.446714,-97.381339,https://mitehuacan.mx/?ruta=41
2,Centro Universitario Tehuacan,escuela,95,18.463976,-97.388438,https://mitehuacan.mx/?ruta=41
2,Colegio Sor Juana Ines De La Cruz,escuela,101,18.465881,-97.390416,https://mitehuacan.mx/?ruta=41
2,Escuela De Baile Mas Que Baile,escuela,101,18.463169,-97.39237,https://mitehuacan.mx/?ruta=41
2,Escuela De Enfermeria Benavente,escuela,101,18.467817,-97.391315,https://mitehuacan.mx/?ruta=41
2,Escuela Primaria Federal Bilingue Escudo Nacional,escuela,103,18.428362,-97.371794,https://mitehuacan.mx/?ruta=41
2,Escuela Telesecundaria Luis Donaldo Colosio Murrieta,escuela,103,18.428383,-97.371735,https://mitehuacan.mx/?ruta=41
2,Kinder Nuevo Dia,escuela,103,18.428362,-97.371794,https://mitehuacan.mx/?ruta=41
2,Instituto De Belleza Fashion Line,escuela,104,18.460896,-97.390474,https://mitehuacan.mx/?ruta=41
2,Academia De Belleza Glamour Tehuacan,escuela,106,18.460682,-97.392462,https://mitehuacan.mx/?ruta=41
2,Ateneo Universitario En Humanidades Y Ciencias,escuela,113,18.463642,-97.388377,https://mitehuacan.mx/?ruta=41
2,Academia Musical Harmos,escuela,116,18.460151,-97.392573,https://mitehuacan.mx/?ruta=41
2,Clases De Taekwondo Doyang Reforma,escuela,120,18.45636,-97.387885,https://mitehuacan.mx/?ruta=41
2,Colegio Sor Juana Ines De La Cruz,escuela,120,18.460853,-97.392599,https://mitehuacan.mx/?ruta=41
2,Instituto De Belleza Matisse,escuela,120,18.463024,-97.392556,https://mitehuacan.mx/?ruta=41
2,Escuela Secundaria Tecnica 21,escuela,127,18.450488,-97.38312,https://mitehuacan.mx/?ruta=41
2,Cima Natacion,escuela,129,18.45687,-97.392752,https://mitehuacan.mx/?ruta=41
2,Grupo Isima Tehuacan,escuela,129,18.456879,-97.392752,https://mitehuacan.mx/?ruta=41
2,Academia De Baile Stage,escuela,141,18.463522,-97.387066,https://mitehuacan.mx/?ruta=41
2,Papeleria Marvin,papelería,0,18.453935,-97.387259,https://mitehuacan.mx/?ruta=41
2,Papeleria B.L,papelería,3,18.425052,-97.370921,https://mitehuacan.mx/?ruta=41
2,Copias Caremi,papelería,4,18.430423,-97.373013,https://mitehuacan.mx/?ruta=41
2,Papeleria Crist,papelería,5,18.465889,-97.389461,https://mitehuacan.mx/?ruta=41
2,Papeleria Lupita,papelería,5,18.430451,-97.374104,https://mitehuacan.mx/?ruta=41
2,El Paje De Tehuacan,papelería,6,18.461893,-97.391498,https://mitehuacan.mx/?ruta=41
2,Papeleria Crisbel,papelería,8,18.413431,-97.36877,https://mitehuacan.mx/?ruta=41
2,Papeleria Gaby,papelería,8,18.465937,-97.385817,https://mitehuacan.mx/?ruta=41
2,Papeleria July,papelería,8,18.453245,-97.386619,https://mitehuacan.mx/?ruta=41
2,Papeleria Los Angeles,papelería,8,18.465941,-97.386177,https://mitehuacan.mx/?ruta=41
2,Papeleria Mickey,papelería,8,18.456373,-97.391605,https://mitehuacan.mx/?ruta=41
2,Mini Papeleria,papelería,12,18.430279,-97.374367,https://mitehuacan.mx/?ruta=41
2,Los Barateros Mega Ofertas De Tehuacan,papelería,14,18.459148,-97.389387,https://mitehuacan.mx/?ruta=41
2,Mega Ofertas De Tehuacan Sucursal,papelería,14,18.459112,-97.389387,https://mitehuacan.mx/?ruta=41
2,Creaciones Pepe,papelería,15,18.457499,-97.389706,https://mitehuacan.mx/?ruta=41
2,Papeleria 3 Hermanos,papelería,15,18.419261,-97.372343,https://mitehuacan.mx/?ruta=41
2,Papeleria Didactica Premier,papelería,15,18.463337,-97.389303,https://mitehuacan.mx/?ruta=41
2,Papeleria El Proveedor Papelero,papelería,16,18.456605,-97.389426,https://mitehuacan.mx/?ruta=41
2,Papeleria Gomitas,papelería,18,18.415342,-97.369674,https://mitehuacan.mx/?ruta=41
2,Bodega De La Papeleria El Refugio,papelería,19,18.460808,-97.391283,https://mitehuacan.mx/?ruta=41
2,Papeleria El Refugio,papelería,19,18.460808,-97.391283,https://mitehuacan.mx/?ruta=41
2,Papeleria Mishi,papelería,24,18.419183,-97.375694,https://mitehuacan.mx/?ruta=41
2,Papeleria Sin Nombre,papelería,25,18.424815,-97.372796,https://mitehuacan.mx/?ruta=41
2,Papeleria Crayons,papelería,27,18.461948,-97.391178,https://mitehuacan.mx/?ruta=41
2,Papeleria Rhino,papelería,27,18.415788,-97.368376,https://mitehuacan.mx/?ruta=41
2,Papeleria Perry,papelería,35,18.415951,-97.368359,https://mitehuacan.mx/?ruta=41
2,Papeleria Beny,papelería,36,18.414825,-97.367932,https://mitehuacan.mx/?ruta=41
2,Papeleria Ferrari,papelería,36,18.457457,-97.391861,https://mitehuacan.mx/?ruta=41
2,Papeleria Yuli,papelería,40,18.42998,-97.37152,https://mitehuacan.mx/?ruta=41
2,Papeleria Huichos,papelería,46,18.465268,-97.384264,https://mitehuacan.mx/?ruta=41
2,Papeleria Sin Nombre,papelería,47,18.419986,-97.375208,https://mitehuacan.mx/?ruta=41
2,Plaza Vent,papelería,51,18.46485,-97.39091,https://mitehuacan.mx/?ruta=41
2,Papeleria Acuarela,papelería,53,18.465392,-97.38694,https://mitehuacan.mx/?ruta=41
2,Papeleria Nube,papelería,54,18.424502,-97.372454,https://mitehuacan.mx/?ruta=41
2,Papeleria Irlanda,papelería,55,18.448295,-97.383841,https://mitehuacan.mx/?ruta=41
2,Papeleria Abaco,papelería,64,18.462962,-97.390044,https://mitehuacan.mx/?ruta=41
2,Papeleria Andy,papelería,64,18.420693,-97.375288,https://mitehuacan.mx/?ruta=41
2,Papeleria Hizar,papelería,64,18.454384,-97.386851,https://mitehuacan.mx/?ruta=41
2,Papeleria Los Peques,papelería,66,18.454872,-97.387241,https://mitehuacan.mx/?ruta=41
2,Novedades Y Regalos La Paleta Perfecta,papelería,68,18.424208,-97.373367,https://mitehuacan.mx/?ruta=41
2,Papeleria Abejitas,papelería,72,18.455515,-97.390285,https://mitehuacan.mx/?ruta=41
2,Papeleria Y Novedades Mayte,papelería,73,18.446884,-97.383282,https://mitehuacan.mx/?ruta=41
2,Papeleria El Trebol,papelería,75,18.465883,-97.390126,https://mitehuacan.mx/?ruta=41
2,Papeleria San Francisco,papelería,76,18.460394,-97.390749,https://mitehuacan.mx/?ruta=41
2,Papeleria Y Copias Lupita,papelería,76,18.456912,-97.390295,https://mitehuacan.mx/?ruta=41
2,Papeleria Aragon,papelería,78,18.462845,-97.39018,https://mitehuacan.mx/?ruta=41
2,Papeleria Umi,papelería,83,18.453415,-97.387918,https://mitehuacan.mx/?ruta=41
2,Papeleria Ferny Baruch,papelería,86,18.446558,-97.381314,https://mitehuacan.mx/?ruta=41
2,Papeleria Vidal,papelería,88,18.446826,-97.383408,https://mitehuacan.mx/?ruta=41
2,Papeleria Yeni,papelería,89,18.450658,-97.383683,https://mitehuacan.mx/?ruta=41
2,Impresiones El Principito,papelería,91,18.456389,-97.390445,https://mitehuacan.mx/?ruta=41
2,Papeleria Danles,papelería,91,18.428595,-97.371436,https://mitehuacan.mx/?ruta=41
2,Papeleria La Maestra,papelería,93,18.431605,-97.373545,https://mitehuacan.mx/?ruta=41
2,Bodega De Papeleria Multiescolar,papelería,95,18.460893,-97.39036,https://mitehuacan.mx/?ruta=41
2,Papeleria Jj,papelería,96,18.425996,-97.370102,https://mitehuacan.mx/?ruta=41
2,Papeleria Multiescolar,papelería,101,18.460897,-97.390502,https://mitehuacan.mx/?ruta=41
2,Impresiones Maritela,papelería,103,18.428249,-97.37216,https://mitehuacan.mx/?ruta=41
2,Papeleria Cyber Space,papelería,106,18.445949,-97.380769,https://mitehuacan.mx/?ruta=41
2,Papeleria Sin Nombre,papelería,109,18.44692,-97.381266,https://mitehuacan.mx/?ruta=41
2,Papeleria Ximenita,papelería,112,18.453159,-97.388061,https://mitehuacan.mx/?ruta=41
2,Paleria La Pape,papelería,113,18.43081,-97.375668,https://mitehuacan.mx/?ruta=41
2,Papeleria El Hogar,papelería,114,18.420185,-97.374585,https://mitehuacan.mx/?ruta=41
2,Papeleria Los Pollitos,papelería,123,18.453344,-97.390719,https://mitehuacan.mx/?ruta=41
2,Papeleria Sin Nombre,papelería,132,18.450335,-97.382926,https://mitehuacan.mx/?ruta=41
2,Papeleria Los Tres Tesoros,papelería,138,18.431743,-97.374363,https://mitehuacan.mx/?ruta=41
2,Papeleria Red Toad,papelería,142,18.446226,-97.380527,https://mitehuacan.mx/?ruta=41
2,Boutique Kovz Shein,ropa,0,18.460653,-97.389473,https://mitehuacan.mx/?ruta=41
2,Tienda De Ropa Novedades Mary,ropa,0,18.463052,-97.38944,https://mitehuacan.mx/?ruta=41
2,Venta De De Ropa Star Cool,ropa,0,18.460445,-97.389475,https://mitehuacan.mx/?ruta=41
2,Venta De Ropa Para Dama Richie Colection,ropa,0,18.460672,-97.389473,https://mitehuacan.mx/?ruta=41
2,Novedades Lupita,ropa,1,18.46135,-97.389466,https://mitehuacan.mx/?ruta=41
2,Tienda De Ropa Encanto,ropa,1,18.421862,-97.374424,https://mitehuacan.mx/?ruta=41
2,Venta De Articulos Varios,ropa,1,18.461296,-97.389467,https://mitehuacan.mx/?ruta=41
2,Venta De Ropa Caballero,ropa,1,18.461052,-97.389469,https://mitehuacan.mx/?ruta=41
2,Boneteria Y Lenceria Intimos,ropa,2,18.461658,-97.389463,https://mitehuacan.mx/?ruta=41
2,Compra Venta De Ropa Interior Dulce Tentacion,ropa,2,18.458509,-97.38952,https://mitehuacan.mx/?ruta=41
2,Compra Venta De Ropa Para Dama Sin Nombre,ropa,2,18.463522,-97.389425,https://mitehuacan.mx/?ruta=41
2,Exodos Moda,ropa,2,18.461631,-97.389464,https://mitehuacan.mx/?ruta=41
2,Tienda De Ropa El Jocker,ropa,2,18.462563,-97.389455,https://mitehuacan.mx/?ruta=41
2,Venta De Ropa Autentica,ropa,2,18.461658,-97.389463,https://mitehuacan.mx/?ruta=41
2,Venta De Ropa De Dama,ropa,2,18.462075,-97.38946,https://mitehuacan.mx/?ruta=41
2,Venta De Ropa De Dama Sin Nombre,ropa,2,18.459595,-97.389484,https://mitehuacan.mx/?ruta=41
2,Venta De Ropa Modas Zoe,ropa,2,18.461731,-97.389463,https://mitehuacan.mx/?ruta=41
2,Venta De Ropa Para Dama Oh My God,ropa,2,18.461658,-97.389463,https://mitehuacan.mx/?ruta=41
2,Venta De Ropa Para Hombre Novedades Martinez,ropa,2,18.459821,-97.389481,https://mitehuacan.mx/?ruta=41
2,Venta De Ropa Sin Nombre,ropa,2,18.459567,-97.389484,https://mitehuacan.mx/?ruta=41
2,Venta De Uniformes De Enfermeria Sin Nombre,ropa,2,18.466857,-97.39033,https://mitehuacan.mx/?ruta=41
2,Compra Venta De Ropa Para Niños Kiddies,ropa,3,18.458147,-97.389523,https://mitehuacan.mx/?ruta=41
2,Venta De Ropa Para Caballero Moda Para Ti,ropa,3,18.458852,-97.389495,https://mitehuacan.mx/?ruta=41
2,Venta De Ropa Y Refresco,ropa,3,18.458916,-97.389494,https://mitehuacan.mx/?ruta=41
2,Milano,ropa,3,18.462994,-97.391391,https://mitehuacan.mx/?ruta=41
2,3413 Milano,ropa,4,18.462986,-97.391382,https://mitehuacan.mx/?ruta=41
2,Boutique Dc Jeans,ropa,4,18.456572,-97.389543,https://mitehuacan.mx/?ruta=41
2,Compra Venta De Ropa Liz Antony,ropa,4,18.466197,-97.391331,https://mitehuacan.mx/?ruta=41
2,Compra Venta De Ropa Mundo Cool,ropa,4,18.466767,-97.391326,https://mitehuacan.mx/?ruta=41
2,Ropa Casual City Jeans,ropa,4,18.457206,-97.389528,https://mitehuacan.mx/?ruta=41
2,Tienda De Ropa De Bebe Sin Nombre,ropa,4,18.46122,-97.391409,https://mitehuacan.mx/?ruta=41
2,Tienda De Ropa Sin Nombre,ropa,4,18.457233,-97.389528,https://mitehuacan.mx/?ruta=41
2,Tienda De Ropa Sunshine,ropa,4,18.46481,-97.38871,https://mitehuacan.mx/?ruta=41
2,Tienda Ropa Dxx Jeans,ropa,4,18.463265,-97.391371,https://mitehuacan.mx/?ruta=41
2,Venta De Ropa Para Dama,ropa,4,18.458753,-97.389497,https://mitehuacan.mx/?ruta=41
2,1363 Tiendas Eleczion,ropa,5,18.461837,-97.39139,https://mitehuacan.mx/?ruta=41
2,Boutique Are Y Kev,ropa,5,18.464741,-97.386757,https://mitehuacan.mx/?ruta=41
2,Boutique Novedades Mary,ropa,5,18.464513,-97.391347,https://mitehuacan.mx/?ruta=41
2,Ropa Zahara,ropa,5,18.461157,-97.391409,https://mitehuacan.mx/?ruta=41
2,Tienda De Bolsas Y Mochilas Eva,ropa,5,18.459709,-97.391432,https://mitehuacan.mx/?ruta=41
2,Tienda De Ropa Aditivo,ropa,5,18.459971,-97.391427,https://mitehuacan.mx/?ruta=41
2,Tienda De Ropa Bella Sulamita,ropa,5,18.464251,-97.39135,https://mitehuacan.mx/?ruta=41
2,Tienda De Ropa El Gran Remate,ropa,5,18.464821,-97.38909,https://mitehuacan.mx/?ruta=41
2,Tienda De Ropa Infantil Sin Nombre,ropa,5,18.459709,-97.391432,https://mitehuacan.mx/?ruta=41
2,Tienda De Ropa Para Dama,ropa,5,18.460351,-97.39142,https://mitehuacan.mx/?ruta=41
2,Tienda De Ropa Shein,ropa,5,18.458451,-97.39147,https://mitehuacan.mx/?ruta=41
2,Tienda De Ropa Sin Nombre,ropa,5,18.464721,-97.385108,https://mitehuacan.mx/?ruta=41
2,Tienda De Ropa Top Ii Men,ropa,5,18.4635,-97.391363,https://mitehuacan.mx/?ruta=41
2,Venta De Ropa De Dama,ropa,5,18.459763,-97.391431,https://mitehuacan.mx/?ruta=41
2,Venta De Ropa Kevin Sport,ropa,5,18.464736,-97.386331,https://mitehuacan.mx/?ruta=41
2,Venta De Ropa Para Dama Creaciones Mariyer,ropa,5,18.459844,-97.39143,https://mitehuacan.mx/?ruta=41
2,Centro Comercial Salvador Ceja,ropa,6,18.46116,-97.391513,https://mitehuacan.mx/?ruta=41
2,Ferma Uniformes,ropa,6,18.457767,-97.391581,https://mitehuacan.mx/?ruta=41
2,Men S Boutique Venta De Ropa Exterior De Caballero,ropa,6,18.464435,-97.391452,https://mitehuacan.mx/?ruta=41
2,Tienda De Articulos Para Bebe Miniprecios,ropa,6,18.461576,-97.391502,https://mitehuacan.mx/?ruta=41
2,Tienda De Bolsas Y Mochilas Mb,ropa,6,18.459365,-97.391439,https://mitehuacan.mx/?ruta=41
2,Tienda De Ropa De Dama Sin Nombre,ropa,6,18.45933,-97.391553,https://mitehuacan.mx/?ruta=41
2,Tienda De Ropa Kevin Sport,ropa,6,18.465503,-97.391442,https://mitehuacan.mx/?ruta=41
2,Tienda De Ropa Mode Star,ropa,6,18.45928,-97.391554,https://mitehuacan.mx/?ruta=41
2,Tienda De Ropa Mujer Bonita,ropa,6,18.461476,-97.391504,https://mitehuacan.mx/?ruta=41
2,Tienda De Ropa Sin Nombre,ropa,6,18.461259,-97.39151,https://mitehuacan.mx/?ruta=41
2,Tienda De Ropa Sin Nombre,ropa,6,18.461838,-97.391499,https://mitehuacan.mx/?ruta=41
2,Venta De Ropa Para Dama Sin Nombre,ropa,6,18.459142,-97.391557,https://mitehuacan.mx/?ruta=41
2,Venta De Ropa Para Dama Y Caballero,ropa,6,18.459654,-97.391433,https://mitehuacan.mx/?ruta=41
2,Venta De Ropa Sin Nombre,ropa,6,18.459084,-97.391444,https://mitehuacan.mx/?ruta=41
2,Revelacion Juvenil,ropa,7,18.462662,-97.391491,https://mitehuacan.mx/?ruta=41
2,Tienda De Camisas S L B,ropa,7,18.466264,-97.391435,https://mitehuacan.mx/?ruta=41
2,Venta De Mochilas Equipajes Y Mochilas Vagabundo,ropa,7,18.45868,-97.39144,https://mitehuacan.mx/?ruta=41
2,Venta De Ropa Sin Nombre,ropa,7,18.465447,-97.38461,https://mitehuacan.mx/?ruta=41
2,Venta De Ropa Sin Nombre,ropa,7,18.451678,-97.385429,https://mitehuacan.mx/?ruta=41
2,Venta De Calcetas Tamy Shop,ropa,8,18.466943,-97.390128,https://mitehuacan.mx/?ruta=41
2,Venta De Ropa Para Dama Y Gorras Yoselin,ropa,8,18.458725,-97.389608,https://mitehuacan.mx/?ruta=41
2,Venta De Ropa Sin Nombre,ropa,8,18.428023,-97.374929,https://mitehuacan.mx/?ruta=41
2,Tienda De Ropa Selah,ropa,10,18.464966,-97.389266,https://mitehuacan.mx/?ruta=41
2,Venta De Ropa De Dama Sin Nombre,ropa,10,18.461483,-97.389351,https://mitehuacan.mx/?ruta=41
2,Venta De Ropa Para Niño El Rincon De Los Peques,ropa,10,18.458779,-97.391408,https://mitehuacan.mx/?ruta=41
2,Venta De Ropa Para Bebe Travesuras,ropa,11,18.460279,-97.389374,https://mitehuacan.mx/?ruta=41
2,Venta De Ropa De Caballero Sin Nombre,ropa,12,18.461211,-97.389344,https://mitehuacan.mx/?ruta=41
2,Venta De Ropa De Dama Modas Jaky,ropa,12,18.461129,-97.389342,https://mitehuacan.mx/?ruta=41
2,Venta De Ropa Rags,ropa,12,18.460207,-97.389375,https://mitehuacan.mx/?ruta=41
2,Venta De Ropa Sin Nombre,ropa,12,18.462632,-97.389321,https://mitehuacan.mx/?ruta=41
2,Venta De Ropa Sin Nombre,ropa,12,18.458726,-97.389646,https://mitehuacan.mx/?ruta=41
2,Tienda De Ropa Trapos,ropa,13,18.464907,-97.389561,https://mitehuacan.mx/?ruta=41
2,Venta De Playeras Para Publicidad. Playeras Invictos,ropa,13,18.462812,-97.389317,https://mitehuacan.mx/?ruta=41
2,Venta De Ropa De Dama Cv Shop,ropa,13,18.462794,-97.389317,https://mitehuacan.mx/?ruta=41
2,Venta De Ropa De. Dama Novedades Marsy,ropa,13,18.46103,-97.389339,https://mitehuacan.mx/?ruta=41
2,Venta De Ropa Deportiva Modas Adulcin,ropa,13,18.462776,-97.389318,https://mitehuacan.mx/?ruta=41
2,Venta De Ropa Juvenil Para Dama Sin Nombre,ropa,13,18.459601,-97.389382,https://mitehuacan.mx/?ruta=41
2,Venta De Ropa Sin Nombre,ropa,13,18.458678,-97.391383,https://mitehuacan.mx/?ruta=41
2,Bazar De Ropa Zapatos Y Chacharas Sin Nombre,ropa,14,18.455527,-97.388401,https://mitehuacan.mx/?ruta=41
2,Compra Y Venta De Ropa Sin Nombre,ropa,14,18.457311,-97.389431,https://mitehuacan.mx/?ruta=41
2,El Mundo Del Rodeo,ropa,14,18.46703,-97.391323,https://mitehuacan.mx/?ruta=41
2,Venta De Ropa Para Caballero Modas Fikshion,ropa,14,18.459937,-97.389624,https://mitehuacan.mx/?ruta=41
2,Venta De Ropa Sin Nombre,ropa,14,18.45713,-97.389437,https://mitehuacan.mx/?ruta=41
2,Tienda De Ropa Moda Y Estilo Por Shein,ropa,15,18.463437,-97.389299,https://mitehuacan.mx/?ruta=41
2,Uniformes Premier,ropa,15,18.457447,-97.391377,https://mitehuacan.mx/?ruta=41
2,Venta De Mochilas Sin Nombre,ropa,15,18.458768,-97.389392,https://mitehuacan.mx/?ruta=41
2,Venta De Ropa Modas Valeria,ropa,15,18.461572,-97.389588,https://mitehuacan.mx/?ruta=41
2,Venta De Ropa Para Caballeros Batashermen,ropa,16,18.46494,-97.386945,https://mitehuacan.mx/?ruta=41
2,Boutique Bremed,ropa,17,18.464414,-97.389279,https://mitehuacan.mx/?ruta=41
2,Bodega De Ropa Creaciones En Tu Moda,ropa,19,18.460808,-97.391283,https://mitehuacan.mx/?ruta=41
2,Rafaelos Jeans,ropa,19,18.460758,-97.389283,https://mitehuacan.mx/?ruta=41
2,Tienda De Ropa Moda Reynita,ropa,19,18.460808,-97.391283,https://mitehuacan.mx/?ruta=41
2,Tienda De Ropa Shein,ropa,19,18.460808,-97.391283,https://mitehuacan.mx/?ruta=41
2,Tienda De Ropa Th Street,ropa,19,18.460808,-97.391283,https://mitehuacan.mx/?ruta=41
2,Venta De Ropa Para Caballero Sin Nombre,ropa,19,18.460808,-97.391283,https://mitehuacan.mx/?ruta=41
2,Diancarlo Boutique,ropa,20,18.467009,-97.39152,https://mitehuacan.mx/?ruta=41
2,Compra Venta De Ropa Para Dama Creaciones Am,ropa,22,18.458619,-97.389744,https://mitehuacan.mx/?ruta=41
2,Venta De Ropa Para Dama Sin Nombre,ropa,22,18.460874,-97.389668,https://mitehuacan.mx/?ruta=41
2,Tienda De Ropa Interior Ferchis,ropa,23,18.462948,-97.389655,https://mitehuacan.mx/?ruta=41
2,Venta De Productos Para Bebe Mimos,ropa,23,18.467105,-97.391426,https://mitehuacan.mx/?ruta=41
2,Venta De Ropa Para Caballero Be Rektro,ropa,23,18.45873,-97.38975,https://mitehuacan.mx/?ruta=41
2,Parisina,ropa,24,18.458668,-97.391732,https://mitehuacan.mx/?ruta=41
2,1074 Tiendas Eleczion,ropa,26,18.461958,-97.391683,https://mitehuacan.mx/?ruta=41
2,Novedades Arsavel,ropa,27,18.461948,-97.391178,https://mitehuacan.mx/?ruta=41
2,Tienda De Ropa Para Bebe Sin Nombre,ropa,27,18.461948,-97.391178,https://mitehuacan.mx/?ruta=41
2,Tienda De Ropa Para Dama,ropa,27,18.461948,-97.391178,https://mitehuacan.mx/?ruta=41
2,Tienda De Ropa Para Dama Sin Nombre,ropa,27,18.458773,-97.391246,https://mitehuacan.mx/?ruta=41
2,Tienda De Ropa Sin Nombre,ropa,27,18.461948,-97.391178,https://mitehuacan.mx/?ruta=41
2,Venta De Ropa De Bebe Y Accesorios,ropa,27,18.461948,-97.391178,https://mitehuacan.mx/?ruta=41
2,Venta De Ropa Sin Nombre,ropa,27,18.461948,-97.391178,https://mitehuacan.mx/?ruta=41
2,Venta De Ropa Y Plantas Medicinales Sin Nombre,ropa,27,18.461948,-97.391178,https://mitehuacan.mx/?ruta=41
2,Tienda De Ropa Johans Boutique,ropa,28,18.464828,-97.389706,https://mitehuacan.mx/?ruta=41
2,Vertiche,ropa,29,18.461958,-97.391707,https://mitehuacan.mx/?ruta=41
2,Tienda De Ropa Anis Butique,ropa,30,18.465594,-97.387017,https://mitehuacan.mx/?ruta=41
2,May Maya Venta De Ropa,ropa,32,18.425207,-97.373493,https://mitehuacan.mx/?ruta=41
2,Venta De Ropa Kids,ropa,32,18.461494,-97.389752,https://mitehuacan.mx/?ruta=41
2,Venta De Ropa Novedades Cristy,ropa,32,18.45872,-97.389228,https://mitehuacan.mx/?ruta=41
2,Lam Boutique,ropa,33,18.458719,-97.389219,https://mitehuacan.mx/?ruta=41
2,Alexa Jeans,ropa,34,18.461494,-97.389771,https://mitehuacan.mx/?ruta=41
2,Ross Braa Venta De Ropa Para Dama,ropa,34,18.458719,-97.389209,https://mitehuacan.mx/?ruta=41
2,Venta De Ropa Sin Nombre,ropa,34,18.45877,-97.391181,https://mitehuacan.mx/?ruta=41
2,Paolo Di Roma,ropa,35,18.462884,-97.391754,https://mitehuacan.mx/?ruta=41
2,Tienda De Ropa Rock Shop,ropa,35,18.460851,-97.389128,https://mitehuacan.mx/?ruta=41
2,Venta De Ropa Ferny American Shop,ropa,36,18.46713,-97.389274,https://mitehuacan.mx/?ruta=41
2,Angeline Boutique,ropa,37,18.462998,-97.391769,https://mitehuacan.mx/?ruta=41
2,Compra Venta De Ropa Para Bebe Sin Nombre,ropa,40,18.458627,-97.389915,https://mitehuacan.mx/?ruta=41
2,Compra Y Venta De Ropa Bordados Amor,ropa,40,18.454771,-97.388666,https://mitehuacan.mx/?ruta=41
2,Venta De Ropa Para Dama Sin Nombre,ropa,40,18.458735,-97.389911,https://mitehuacan.mx/?ruta=41
2,Venta De Zapatos Pantalones,ropa,41,18.4607,-97.389858,https://mitehuacan.mx/?ruta=41
2,Venta De Ropa Para Dama Sin Nombre,ropa,42,18.458767,-97.391105,https://mitehuacan.mx/?ruta=41
2,Venta De Ropa Sin Nombre,ropa,42,18.449279,-97.383198,https://mitehuacan.mx/?ruta=41
2,Llanish Shop,ropa,43,18.455511,-97.39001,https://mitehuacan.mx/?ruta=41
2,Tienda De Ropa Hojas De Parra,ropa,43,18.455511,-97.39001,https://mitehuacan.mx/?ruta=41
2,Venta De Bolsas Sin Nombre,ropa,44,18.46194,-97.391017,https://mitehuacan.mx/?ruta=41
2,F & F Boutique,ropa,45,18.456475,-97.391951,https://mitehuacan.mx/?ruta=41
2,Moda Coquette,ropa,45,18.456475,-97.391951,https://mitehuacan.mx/?ruta=41
2,Tienda De Ropa 8 24,ropa,45,18.461496,-97.389875,https://mitehuacan.mx/?ruta=41
2,Tienda De Ropa Sin Nombre,ropa,45,18.460801,-97.391035,https://mitehuacan.mx/?ruta=41
2,Tienda De Mochilas,ropa,46,18.461576,-97.389882,https://mitehuacan.mx/?ruta=41
2,Novedades Bronco,ropa,47,18.460909,-97.391014,https://mitehuacan.mx/?ruta=41
2,Tienda De Ropa Infantil Sin Nombre,ropa,48,18.458765,-97.391048,https://mitehuacan.mx/?ruta=41
2,Venta De Ropa Modas Capricho,ropa,48,18.458666,-97.391052,https://mitehuacan.mx/?ruta=41
2,Tienda De Ropa Oh My Good,ropa,49,18.456531,-97.391067,https://mitehuacan.mx/?ruta=41
2,Venta De Ropa Sin Nombre,ropa,49,18.457558,-97.391981,https://mitehuacan.mx/?ruta=41
2,Venta De Ropa Sol Mery,ropa,49,18.458738,-97.389996,https://mitehuacan.mx/?ruta=41
2,Venta De Camisas Señor Camisas,ropa,50,18.460846,-97.388986,https://mitehuacan.mx/?ruta=41
2,Tienda De Ropa Gods Store,ropa,51,18.454691,-97.387248,https://mitehuacan.mx/?ruta=41
2,Tienda Jueguetes Easy Shopping,ropa,51,18.462054,-97.390947,https://mitehuacan.mx/?ruta=41
2,Venta De Ropa Sin Nombre,ropa,51,18.465404,-97.385242,https://mitehuacan.mx/?ruta=41
2,Venta De Ropa De Dama Sin Nombre,ropa,52,18.460846,-97.388967,https://mitehuacan.mx/?ruta=41
2,Tienda De Ropa La Barata No 1,ropa,54,18.460828,-97.391975,https://mitehuacan.mx/?ruta=41
2,Venta De Ropa Sin Nombre,ropa,54,18.458739,-97.390044,https://mitehuacan.mx/?ruta=41
2,Venta De Ropa Sin Nombre,ropa,58,18.461578,-97.389996,https://mitehuacan.mx/?ruta=41
2,Mercader Ramos,ropa,59,18.460748,-97.388908,https://mitehuacan.mx/?ruta=41
2,Dinastia Jeans Tienda De Ropa,ropa,61,18.463005,-97.391997,https://mitehuacan.mx/?ruta=41
2,Venta De Ropa Creaciones En Tu Moda,ropa,61,18.461498,-97.390027,https://mitehuacan.mx/?ruta=41
2,Venta De Ropa Para Dama Sin Nombre,ropa,61,18.460843,-97.388891,https://mitehuacan.mx/?ruta=41
2,Venta De Ropa Para Dama Minguis,ropa,63,18.461498,-97.390046,https://mitehuacan.mx/?ruta=41
2,Venta De Ropa Juniors,ropa,66,18.461498,-97.390074,https://mitehuacan.mx/?ruta=41
2,Venta De Ropa Para Caballero Y Accesorios Sin Nombre,ropa,67,18.458743,-97.390167,https://mitehuacan.mx/?ruta=41
2,Compra Venta De Ropa Enly Moda,ropa,68,18.464835,-97.390085,https://mitehuacan.mx/?ruta=41
2,Compra Venta De Ropa Jovas Shop,ropa,68,18.464835,-97.390085,https://mitehuacan.mx/?ruta=41
2,Compra Venta De Ropa Y Accesorios Mirandamen Shop,ropa,68,18.464835,-97.390085,https://mitehuacan.mx/?ruta=41
2,Tienda De Mochilas Markis Backpacks,ropa,68,18.462803,-97.390777,https://mitehuacan.mx/?ruta=41
2,Tienda De Ropa Sin Nombre,ropa,68,18.462785,-97.390776,https://mitehuacan.mx/?ruta=41
2,Venta De Ropa Para Dama D Moda,ropa,69,18.458744,-97.390184,https://mitehuacan.mx/?ruta=41
2,Venta De Ropa Para Niño Y Niña Sin Nombre,ropa,69,18.458701,-97.388878,https://mitehuacan.mx/?ruta=41
2,Tienda De Ropa Sin Nombre,ropa,70,18.457434,-97.390856,https://mitehuacan.mx/?ruta=41
2,Venta De Ropa Sin Nombre,ropa,70,18.428621,-97.371956,https://mitehuacan.mx/?ruta=41
2,Tienda De Ropa Pekes,ropa,71,18.461579,-97.390124,https://mitehuacan.mx/?ruta=41
2,Venta De Ropa De Bebe Valery,ropa,71,18.461579,-97.390119,https://mitehuacan.mx/?ruta=41
2,Venta De Ropa Para Dama,ropa,71,18.461902,-97.392113,https://mitehuacan.mx/?ruta=41
2,Venta De Ropa Sin Nombre,ropa,71,18.462269,-97.390762,https://mitehuacan.mx/?ruta=41
2,Tienda De Ropa Modas Erikos,ropa,72,18.461653,-97.390759,https://mitehuacan.mx/?ruta=41
2,Creaciones En Tu Moda,ropa,73,18.460795,-97.390771,https://mitehuacan.mx/?ruta=41
2,Tienda De Mochilas El Gran Surtidor,ropa,73,18.461318,-97.390759,https://mitehuacan.mx/?ruta=41
2,Tienda De Mochilas Y Equipajes Vagabundo,ropa,73,18.4612,-97.390761,https://mitehuacan.mx/?ruta=41
2,Tienda De Ropa Moda Bella,ropa,73,18.461245,-97.39076,https://mitehuacan.mx/?ruta=41
2,Compra Venta De Ropa Para Dama Novedades Angeles,ropa,74,18.458459,-97.390239,https://mitehuacan.mx/?ruta=41
2,Compra Venta De Ropa Y Tenis De La Calle,ropa,75,18.464927,-97.390682,https://mitehuacan.mx/?ruta=41
2,Modas Amy,ropa,75,18.460611,-97.390749,https://mitehuacan.mx/?ruta=41
2,Modas Kary,ropa,75,18.456491,-97.392235,https://mitehuacan.mx/?ruta=41
2,Venta De Ropa Niño Y Niña Sol Mery,ropa,75,18.460756,-97.390749,https://mitehuacan.mx/?ruta=41
2,Moda Infantil Juquilita,ropa,76,18.460575,-97.390749,https://mitehuacan.mx/?ruta=41
2,Novedades July,ropa,76,18.460421,-97.390749,https://mitehuacan.mx/?ruta=41
2,Queen Fashuion,ropa,76,18.46053,-97.390749,https://mitehuacan.mx/?ruta=41
2,Tienda De Ropa Y Uniformes Mega Familia,ropa,76,18.46034,-97.390749,https://mitehuacan.mx/?ruta=41
2,Uniformes Deportivos Flomar,ropa,76,18.458758,-97.390783,https://mitehuacan.mx/?ruta=41
2,Venta De Ropa Para Caballero Bee Retro,ropa,76,18.460303,-97.390749,https://mitehuacan.mx/?ruta=41
2,Venta De Ropa Sin Nombre,ropa,76,18.460267,-97.390749,https://mitehuacan.mx/?ruta=41
2,Venta De Ropa Sin Nombre,ropa,76,18.460204,-97.390749,https://mitehuacan.mx/?ruta=41
2,El Machetazo,ropa,77,18.459806,-97.39075,https://mitehuacan.mx/?ruta=41
2,Importaciones Marin,ropa,77,18.46015,-97.390749,https://mitehuacan.mx/?ruta=41
2,La Barata,ropa,77,18.459833,-97.39075,https://mitehuacan.mx/?ruta=41
2,Moda Rebel,ropa,77,18.460014,-97.390749,https://mitehuacan.mx/?ruta=41
2,Novedades Aldo,ropa,77,18.459977,-97.390749,https://mitehuacan.mx/?ruta=41
2,Ropa Para Bebe,ropa,77,18.460005,-97.390749,https://mitehuacan.mx/?ruta=41
2,Tienda De Ropa Bermex,ropa,77,18.462976,-97.390688,https://mitehuacan.mx/?ruta=41
2,Venta De Mochilas,ropa,77,18.460104,-97.390749,https://mitehuacan.mx/?ruta=41
2,Venta De Ropa,ropa,77,18.459724,-97.390751,https://mitehuacan.mx/?ruta=41
2,Venta De Ropa De Bebe Sin Nombre,ropa,77,18.459787,-97.39075,https://mitehuacan.mx/?ruta=41
2,Venta De Ropa Para Adulto,ropa,77,18.459869,-97.39075,https://mitehuacan.mx/?ruta=41
2,Venta De Ropa Para Bebe,ropa,77,18.459959,-97.39075,https://mitehuacan.mx/?ruta=41
2,Venta De Ropa Para Dama,ropa,77,18.459932,-97.39075,https://mitehuacan.mx/?ruta=41
2,El Corcel De Oro,ropa,78,18.459597,-97.390751,https://mitehuacan.mx/?ruta=41
2,Modas Nicole,ropa,78,18.459579,-97.390751,https://mitehuacan.mx/?ruta=41
2,Modas Para,ropa,78,18.459253,-97.390753,https://mitehuacan.mx/?ruta=41
2,Venta De Ropa Infantil,ropa,78,18.459389,-97.390752,https://mitehuacan.mx/?ruta=41
2,Venta De Ropa Infantil Key Fashion,ropa,78,18.459235,-97.390753,https://mitehuacan.mx/?ruta=41
2,Venta De Ropa Y Uniformes Azzurri,ropa,78,18.458758,-97.390764,https://mitehuacan.mx/?ruta=41
2,Venta De Uniformes Escolares Sin Nombre,ropa,78,18.459407,-97.390752,https://mitehuacan.mx/?ruta=41
2,Venta Deropa,ropa,78,18.45919,-97.390753,https://mitehuacan.mx/?ruta=41
2,Modas Morales,ropa,79,18.459081,-97.390754,https://mitehuacan.mx/?ruta=41
2,Uniformes Abraham,ropa,79,18.458801,-97.390755,https://mitehuacan.mx/?ruta=41
2,Venta De Ropa,ropa,79,18.46622,-97.383985,https://mitehuacan.mx/?ruta=41
2,Venta De Ropa De Bebe Sin Nombre,ropa,79,18.459145,-97.390753,https://mitehuacan.mx/?ruta=41
2,Venta De Ropa De Caballero Sin Nombre,ropa,79,18.458846,-97.390755,https://mitehuacan.mx/?ruta=41
2,Venta De Ropa De Dama Sin Nombre,ropa,79,18.459072,-97.390754,https://mitehuacan.mx/?ruta=41
2,Venta De Ropa Infantil,ropa,79,18.459081,-97.390754,https://mitehuacan.mx/?ruta=41
2,Venta De Ropa Modas Eben Ezer,ropa,79,18.458945,-97.390754,https://mitehuacan.mx/?ruta=41
2,Venta De Ropa Sin Nombre,ropa,79,18.458909,-97.390754,https://mitehuacan.mx/?ruta=41
2,Venta De Ropa Sin Nombre,ropa,79,18.459072,-97.390754,https://mitehuacan.mx/?ruta=41
2,Tienda De Playeras Y Venta De Aerosoles,ropa,81,18.462859,-97.390654,https://mitehuacan.mx/?ruta=41
2,Tienda De Ropa Sin Nombre,ropa,81,18.462859,-97.390654,https://mitehuacan.mx/?ruta=41
2,Venta De Ropa Y Tenis Sin Nombre,ropa,81,18.462859,-97.390654,https://mitehuacan.mx/?ruta=41
2,Venta De Ropa Monse,ropa,82,18.461581,-97.390223,https://mitehuacan.mx/?ruta=41
2,Venta De Ropa Si Nombre,ropa,82,18.461581,-97.390223,https://mitehuacan.mx/?ruta=41
2,Revelacion Juvenil,ropa,83,18.46126,-97.390665,https://mitehuacan.mx/?ruta=41
2,Tienda De Ropa Yanabel Collete,ropa,83,18.461369,-97.390664,https://mitehuacan.mx/?ruta=41
2,Venta De Interior,ropa,83,18.46107,-97.390667,https://mitehuacan.mx/?ruta=41
2,Venta De Ropa Modas Rubi,ropa,83,18.461043,-97.390667,https://mitehuacan.mx/?ruta=41
2,Venta De Ropa Novedades Lucy,ropa,83,18.461161,-97.390666,https://mitehuacan.mx/?ruta=41
2,Venta De Ropa Sin Nombre,ropa,83,18.45859,-97.388749,https://mitehuacan.mx/?ruta=41
2,Ropa Para Hombre Sin Nombre,ropa,84,18.460735,-97.390664,https://mitehuacan.mx/?ruta=41
2,Tienda De Ropa Sin Nombre,ropa,84,18.4587,-97.392303,https://mitehuacan.mx/?ruta=41
2,Venta De Cinturones Sin Nombre,ropa,84,18.460772,-97.390664,https://mitehuacan.mx/?ruta=41
2,Venta De Ropa Para Caballero Be Rektro,ropa,84,18.460753,-97.390664,https://mitehuacan.mx/?ruta=41
2,Venta De Ropa Para Dama Modas Reynita,ropa,84,18.460609,-97.390664,https://mitehuacan.mx/?ruta=41
2,Venta De Tines Kal C Tin,ropa,84,18.460772,-97.390664,https://mitehuacan.mx/?ruta=41
2,Creaciones El Guero,ropa,85,18.460292,-97.390664,https://mitehuacan.mx/?ruta=41
2,Ropa De Caballero Be Rektro,ropa,85,18.460409,-97.390664,https://mitehuacan.mx/?ruta=41
2,Tienda De Ropa Bermex,ropa,85,18.462976,-97.390613,https://mitehuacan.mx/?ruta=41
2,Venta De Cinturones Cinturon Casual,ropa,85,18.460464,-97.390664,https://mitehuacan.mx/?ruta=41
2,Venta De Ropa Infantil Angelitos,ropa,85,18.460274,-97.390664,https://mitehuacan.mx/?ruta=41
2,Venta De Ropa Infantil Modas Nicol,ropa,85,18.460545,-97.390664,https://mitehuacan.mx/?ruta=41
2,Venta De Ropa Mb Jeans,ropa,85,18.460437,-97.390664,https://mitehuacan.mx/?ruta=41
2,Venta De Ropa Modas Rocio,ropa,85,18.460328,-97.390664,https://mitehuacan.mx/?ruta=41
2,Venta De Ropa Para Bebe,ropa,85,18.460545,-97.390664,https://mitehuacan.mx/?ruta=41
2,Venta De Ropa Para Dama Be Rektro,ropa,85,18.460355,-97.390664,https://mitehuacan.mx/?ruta=41
2,Venta De Ropa Para Dama Creativa,ropa,85,18.460364,-97.390664,https://mitehuacan.mx/?ruta=41
2,Venta De Ropa Y Lenceria,ropa,85,18.460337,-97.390664,https://mitehuacan.mx/?ruta=41
2,Almacenes Flores B,ropa,86,18.4609,-97.390644,https://mitehuacan.mx/?ruta=41
2,Venta De Ropa Fina Para Dama Sin Nombre,ropa,86,18.459649,-97.390666,https://mitehuacan.mx/?ruta=41
2,Venta De Ropa Infantil Sin Nombre,ropa,86,18.459767,-97.390665,https://mitehuacan.mx/?ruta=41
2,Mochilas Y Regalos Sin Nombre,ropa,87,18.460783,-97.390288,https://mitehuacan.mx/?ruta=41
2,Venta De Cinturones Cinturon Casual,ropa,87,18.45954,-97.390666,https://mitehuacan.mx/?ruta=41
2,Venta De Cinturones Sin Nombre,ropa,87,18.45916,-97.390668,https://mitehuacan.mx/?ruta=41
2,Venta De Playeras Sin Nombre,ropa,87,18.459178,-97.390668,https://mitehuacan.mx/?ruta=41
2,Venta De Ropa Creaciones En Tu Moda,ropa,87,18.459567,-97.390666,https://mitehuacan.mx/?ruta=41
2,Venta De Tines Y Ropa Interior,ropa,87,18.459513,-97.390666,https://mitehuacan.mx/?ruta=41
2,Venta De Vestidos Infantiles Britany,ropa,87,18.459206,-97.390668,https://mitehuacan.mx/?ruta=41
2,Compra Venta De Ropa Teens,ropa,88,18.463014,-97.392253,https://mitehuacan.mx/?ruta=41
2,Venta De Ropa De Niño Y Niña Novedades Nicol,ropa,88,18.459061,-97.390669,https://mitehuacan.mx/?ruta=41
2,Venta De Ropa En General El Divino Niño,ropa,88,18.458889,-97.390669,https://mitehuacan.mx/?ruta=41
2,Venta De Ropa En General Modas Livey,ropa,88,18.458748,-97.390366,https://mitehuacan.mx/?ruta=41
2,Venta De Ropa Mujer Bonita,ropa,88,18.461506,-97.390615,https://mitehuacan.mx/?ruta=41
2,Venta De Ropa Para Dama Queen Fashion,ropa,88,18.458916,-97.390669,https://mitehuacan.mx/?ruta=41
2,Venta De Ropa Para Niño Y Niña Interior Y Exterior Leon De J,ropa,88,18.458843,-97.39067,https://mitehuacan.mx/?ruta=41
2,Bodega De Ropa Colette Fashion,ropa,89,18.461501,-97.390292,https://mitehuacan.mx/?ruta=41
2,Bodega De Ropa Yanabel Colette,ropa,89,18.461501,-97.390292,https://mitehuacan.mx/?ruta=41
2,Tienda De Ropa Sin Nombre,ropa,89,18.456999,-97.390415,https://mitehuacan.mx/?ruta=41
2,Venta De Ropa Sin Nonbre,ropa,89,18.462847,-97.390278,https://mitehuacan.mx/?ruta=41
2,Venta De Ropa Rvainzs Collection,ropa,91,18.460892,-97.390322,https://mitehuacan.mx/?ruta=41
2,Bodega Venta De Rpa Mia Clection,ropa,92,18.461582,-97.390318,https://mitehuacan.mx/?ruta=41
2,Tienda De Ropa Sin Nombre,ropa,92,18.463965,-97.387042,https://mitehuacan.mx/?ruta=41
2,Brillosistica,ropa,93,18.446073,-97.383055,https://mitehuacan.mx/?ruta=41
2,Novedades El Capis,ropa,93,18.458585,-97.388654,https://mitehuacan.mx/?ruta=41
2,Bolchima,ropa,94,18.462976,-97.390527,https://mitehuacan.mx/?ruta=41
2,Venta Cinturones Juquilita,ropa,94,18.460893,-97.390351,https://mitehuacan.mx/?ruta=41
2,Venta De Ropa En General Modas Morales,ropa,94,18.45875,-97.390423,https://mitehuacan.mx/?ruta=41
2,Venta De Ropa Mia Colection,ropa,95,18.461582,-97.390346,https://mitehuacan.mx/?ruta=41
2,Venta De Ropa Modas Yolanda,ropa,95,18.461585,-97.390546,https://mitehuacan.mx/?ruta=41
2,Venta De Ropa Y Accesorios Sin Nombre,ropa,95,18.462849,-97.390342,https://mitehuacan.mx/?ruta=41
2,Tienda De Ropa Moda Rosy,ropa,96,18.461505,-97.390539,https://mitehuacan.mx/?ruta=41
2,Tienda De Ropa Para Caballero,ropa,97,18.457468,-97.392439,https://mitehuacan.mx/?ruta=41
2,Venta De Ropa Para Caballero Fashion Mens,ropa,97,18.461583,-97.390365,https://mitehuacan.mx/?ruta=41
2,Venta De Ropa Para Hombre Sin Nombre,ropa,98,18.458753,-97.390575,https://mitehuacan.mx/?ruta=41
2,Winik Tienda De Ropa Para Caballero,ropa,98,18.457965,-97.392444,https://mitehuacan.mx/?ruta=41
2,Tienda De Ropa Para Mujer Dovi Fashion,ropa,99,18.460832,-97.388531,https://mitehuacan.mx/?ruta=41
2,Venta De Ropa En General Centro Comercial De Tehuacan,ropa,99,18.460789,-97.390525,https://mitehuacan.mx/?ruta=41
2,Venta De Ropa Sexy Moda,ropa,99,18.461504,-97.39051,https://mitehuacan.mx/?ruta=41
2,Compra Venta De Ropa En General La Camisa,ropa,100,18.462853,-97.390474,https://mitehuacan.mx/?ruta=41
2,Towers Boutique,ropa,101,18.463105,-97.39237,https://mitehuacan.mx/?ruta=41
2,Tienda De Ropa Para Caballeros Sr.Camisa,ropa,102,18.460093,-97.392443,https://mitehuacan.mx/?ruta=41
2,Venta De Ropa Y Lenceria Reciclando Trapos,ropa,102,18.460896,-97.390496,https://mitehuacan.mx/?ruta=41
2,Venta De Trajes Quali,ropa,102,18.460021,-97.39244,https://mitehuacan.mx/?ruta=41
2,Venta De Ropa Sin Nombre,ropa,103,18.461584,-97.39047,https://mitehuacan.mx/?ruta=41
2,Tienda De Bolsas Y Mochilas Importaciones Ortiz,ropa,104,18.460456,-97.392454,https://mitehuacan.mx/?ruta=41
2,Tienda De Ropa Infantil Modas Nicole,ropa,105,18.460664,-97.392461,https://mitehuacan.mx/?ruta=41
2,Venta De Ropa Moda Bella,ropa,105,18.461503,-97.390453,https://mitehuacan.mx/?ruta=41
2,Tienda De Ropa El Jocker,ropa,106,18.460688,-97.392462,https://mitehuacan.mx/?ruta=41
2,Venta De Ropa De Caballero The Juniors,ropa,112,18.453564,-97.391515,https://mitehuacan.mx/?ruta=41
2,Modas Nicole,ropa,116,18.460106,-97.392571,https://mitehuacan.mx/?ruta=41
2,Venta De Ropa De Dama Y Caballero Minguis,ropa,118,18.462779,-97.388323,https://mitehuacan.mx/?ruta=41
2,Boutique Mio Mio,ropa,119,18.460677,-97.392592,https://mitehuacan.mx/?ruta=41
2,Coco Boutique Tienda De Ropa,ropa,120,18.463024,-97.392556,https://mitehuacan.mx/?ruta=41
2,Tienda De Ropa Uva Bombon,ropa,120,18.46075,-97.392595,https://mitehuacan.mx/?ruta=41
2,Venta De Jeans Mundana,ropa,122,18.462778,-97.388285,https://mitehuacan.mx/?ruta=41
2,Venta De Ropa De Dama Sin Nombre,ropa,122,18.460738,-97.388316,https://mitehuacan.mx/?ruta=41
2,Tienda De Ropa Y Articulos De Belleza Cosmi Kat Shop,ropa,125,18.455815,-97.387278,https://mitehuacan.mx/?ruta=41
2,Venta De Jeans Darling,ropa,127,18.458381,-97.392721,https://mitehuacan.mx/?ruta=41
2,Boutique Luna,ropa,130,18.455992,-97.392769,https://mitehuacan.mx/?ruta=41
2,Venta De Ropa Mava,ropa,130,18.455811,-97.392772,https://mitehuacan.mx/?ruta=41
2,Bonita Boutique,ropa,132,18.462775,-97.38819,https://mitehuacan.mx/?ruta=41
2,Venta De Ropa Sin Nombre,ropa,133,18.458567,-97.388275,https://mitehuacan.mx/?ruta=41
2,Tienda De Ropa Pretty Woman,ropa,142,18.453134,-97.38872,https://mitehuacan.mx/?ruta=41
2,Tienda De Ropa Gala,ropa,143,18.456635,-97.392885,https://mitehuacan.mx/?ruta=41
2,Brio Tehuacan,ropa,147,18.460957,-97.392853,https://mitehuacan.mx/?ruta=41
2,Sr. Camisas Tienda De Ropa,ropa,147,18.454635,-97.392802,https://mitehuacan.mx/?ruta=41
2,Reparadora De Calzado Nery,zapatería,1,18.461016,-97.389469,https://mitehuacan.mx/?ruta=41
2,Venta De Articulos Varios Sin Nombre,zapatería,1,18.46021,-97.389478,https://mitehuacan.mx/?ruta=41
2,Zapateria Calza A La Moda,zapatería,1,18.463178,-97.389436,https://mitehuacan.mx/?ruta=41
2,Reparadora De Calzado La Rosita,zapatería,2,18.462075,-97.38946,https://mitehuacan.mx/?ruta=41
2,Andrea,zapatería,2,18.4629,-97.391401,https://mitehuacan.mx/?ruta=41
2,Reparadora De Calzado El Venadito Express,zapatería,3,18.463793,-97.389416,https://mitehuacan.mx/?ruta=41
2,Zapateria Express,zapatería,4,18.461229,-97.391409,https://mitehuacan.mx/?ruta=41
2,Ferre,zapatería,5,18.461142,-97.391409,https://mitehuacan.mx/?ruta=41
2,Real Zapateria,zapatería,5,18.459796,-97.391431,https://mitehuacan.mx/?ruta=41
2,Zapateria Andata,zapatería,5,18.461894,-97.391389,https://mitehuacan.mx/?ruta=41
2,Zapateria Andrea,zapatería,5,18.462873,-97.391366,https://mitehuacan.mx/?ruta=41
2,Zapateria Andrea,zapatería,5,18.462577,-97.391381,https://mitehuacan.mx/?ruta=41
2,Zapateria Crazy Feet,zapatería,5,18.461211,-97.391409,https://mitehuacan.mx/?ruta=41
2,Zapateria Don Zapato,zapatería,5,18.461681,-97.391395,https://mitehuacan.mx/?ruta=41
2,Zapateria El Nuevo Modelo,zapatería,5,18.461943,-97.391387,https://mitehuacan.mx/?ruta=41
2,Zapateria El Pequeño Gigante,zapatería,5,18.460984,-97.391407,https://mitehuacan.mx/?ruta=41
2,Zapateria Gama,zapatería,5,18.462432,-97.391382,https://mitehuacan.mx/?ruta=41
2,Zapateria Sports Shoes,zapatería,5,18.461383,-97.391404,https://mitehuacan.mx/?ruta=41
2,Zapaterias Don Zapato,zapatería,5,18.462106,-97.391382,https://mitehuacan.mx/?ruta=41
2,Pakar Al Costo,zapatería,6,18.459457,-97.391437,https://mitehuacan.mx/?ruta=41
2,Shoes Collection Pakar,zapatería,6,18.459472,-97.391437,https://mitehuacan.mx/?ruta=41
2,Tienda De Accesorios Para Calzado Sin Nombre,zapatería,6,18.461549,-97.391502,https://mitehuacan.mx/?ruta=41
2,Zapateria Ana Maria,zapatería,6,18.45878,-97.391446,https://mitehuacan.mx/?ruta=41
2,Zapateria El Reventon,zapatería,6,18.461757,-97.3915,https://mitehuacan.mx/?ruta=41
2,Zapateria El Rey Del Ahorro,zapatería,6,18.461721,-97.3915,https://mitehuacan.mx/?ruta=41
2,Zapaterias Ana Maria,zapatería,6,18.460812,-97.391406,https://mitehuacan.mx/?ruta=41
2,Pakar Zapaterias,zapatería,7,18.460937,-97.391519,https://mitehuacan.mx/?ruta=41
2,Zapateria Aldi,zapatería,7,18.462852,-97.391489,https://mitehuacan.mx/?ruta=41
2,Venta De Articulos Para Calzado Sin Nombre,zapatería,9,18.459871,-97.389579,https://mitehuacan.mx/?ruta=41
2,Pakar Zapateria,zapatería,10,18.460913,-97.391555,https://mitehuacan.mx/?ruta=41
2,Zapateria Cruzitos,zapatería,12,18.459923,-97.389378,https://mitehuacan.mx/?ruta=41
2,Zapateria Calza Ahorros,zapatería,13,18.462803,-97.389317,https://mitehuacan.mx/?ruta=41
2,Zapateria Sport Shoes,zapatería,13,18.459763,-97.38938,https://mitehuacan.mx/?ruta=41
2,Sandalias Crysty,zapatería,14,18.460918,-97.391327,https://mitehuacan.mx/?ruta=41
2,Tehuacan,zapatería,14,18.462877,-97.391552,https://mitehuacan.mx/?ruta=41
2,Zapateria Dica,zapatería,14,18.463165,-97.38931,https://mitehuacan.mx/?ruta=41
2,Zapateria Miranda,zapatería,14,18.46081,-97.391331,https://mitehuacan.mx/?ruta=41
2,Reparadora De Calzado El Venado,zapatería,17,18.46464,-97.389275,https://mitehuacan.mx/?ruta=41
2,Zapateria Arther,zapatería,19,18.461951,-97.391254,https://mitehuacan.mx/?ruta=41
2,Zapateria Elite,zapatería,20,18.460817,-97.39165,https://mitehuacan.mx/?ruta=41
2,Zapateria Capa De Ozono,zapatería,21,18.462879,-97.391617,https://mitehuacan.mx/?ruta=41
2,Calzado Por Catalogo,zapatería,31,18.464934,-97.391097,https://mitehuacan.mx/?ruta=41
2,Temo Outlet,zapatería,34,18.462997,-97.391741,https://mitehuacan.mx/?ruta=41
2,Zapateria Dica,zapatería,35,18.462804,-97.389109,https://mitehuacan.mx/?ruta=41
2,Zapaterias Vazza,zapatería,35,18.462884,-97.391754,https://mitehuacan.mx/?ruta=41
2,Zapateria Lazos,zapatería,36,18.464863,-97.391735,https://mitehuacan.mx/?ruta=41
2,Reparadora De Calzado California,zapatería,37,18.465968,-97.389763,https://mitehuacan.mx/?ruta=41
2,Coppel Calzado Oriente 765,zapatería,44,18.460751,-97.389053,https://mitehuacan.mx/?ruta=41
2,Zapaterias Sports Shoes,zapatería,46,18.460772,-97.389899,https://mitehuacan.mx/?ruta=41
2,Zapateria Papos Andy,zapatería,55,18.46289,-97.391934,https://mitehuacan.mx/?ruta=41
2,Zapateria Soperanez,zapatería,56,18.458763,-97.390973,https://mitehuacan.mx/?ruta=41
2,Venta De Sandalias De Plastico,zapatería,60,18.461578,-97.390014,https://mitehuacan.mx/?ruta=41
2,Reparadora De Calzado Perez,zapatería,61,18.456484,-97.392102,https://mitehuacan.mx/?ruta=41
2,Oficina Administrativa Y Publicidad,zapatería,63,18.462732,-97.392017,https://mitehuacan.mx/?ruta=41
2,Zapateria Angeles,zapatería,63,18.462778,-97.392017,https://mitehuacan.mx/?ruta=41
2,Zapaterias El Reventon,zapatería,64,18.462048,-97.390833,https://mitehuacan.mx/?ruta=41
2,Zapateria Leoneza,zapatería,66,18.458703,-97.388906,https://mitehuacan.mx/?ruta=41
2,Venta De Tenis Juquilita,zapatería,69,18.458796,-97.392157,https://mitehuacan.mx/?ruta=41
2,Reparacion De Calzado Sin Nombre,zapatería,72,18.429801,-97.375608,https://mitehuacan.mx/?ruta=41
2,Zapapateria Expres,zapatería,72,18.461616,-97.390758,https://mitehuacan.mx/?ruta=41
2,Zapateria Isabel,zapatería,72,18.460932,-97.392142,https://mitehuacan.mx/?ruta=41
2,Huaracheria Gloria,zapatería,73,18.461544,-97.390758,https://mitehuacan.mx/?ruta=41
2,Reparadora De Calzado Hidalgo,zapatería,73,18.458698,-97.392199,https://mitehuacan.mx/?ruta=41
2,Zapateria El Reventon,zapatería,77,18.460131,-97.390749,https://mitehuacan.mx/?ruta=41
2,Venta De Tenis Juquilita,zapatería,79,18.458891,-97.390755,https://mitehuacan.mx/?ruta=41
2,Zapateria Eduars,zapatería,79,18.459072,-97.390754,https://mitehuacan.mx/?ruta=41
2,Zapateria Don Zapato,zapatería,81,18.462859,-97.390654,https://mitehuacan.mx/?ruta=41
2,Zapateria Kristal,zapatería,81,18.462859,-97.390654,https://mitehuacan.mx/?ruta=41
2,Calzado Por Catalogo,zapatería,84,18.4587,-97.392303,https://mitehuacan.mx/?ruta=41
2,Zapateria Ana Maria,zapatería,84,18.460744,-97.390664,https://mitehuacan.mx/?ruta=41
2,Zapateria Rachell,zapatería,85,18.460937,-97.392265,https://mitehuacan.mx/?ruta=41
2,Zapateria Tio Beto,zapatería,85,18.460382,-97.390664,https://mitehuacan.mx/?ruta=41
2,Zapaterias Arther,zapatería,86,18.459803,-97.390665,https://mitehuacan.mx/?ruta=41
2,Zapaterias El Reventon,zapatería,86,18.45993,-97.390665,https://mitehuacan.mx/?ruta=41
2,Zapateria 3 Hermanos,zapatería,87,18.459233,-97.390668,https://mitehuacan.mx/?ruta=41
2,Zapateria Ana Maria,zapatería,88,18.458643,-97.390369,https://mitehuacan.mx/?ruta=41
2,Renovadora De Calzado Puebla Ii,zapatería,90,18.458755,-97.39065,https://mitehuacan.mx/?ruta=41
2,Zapateria Giorgio Moretto,zapatería,92,18.460834,-97.388597,https://mitehuacan.mx/?ruta=41
2,Zapateria Crazy Feet,zapatería,101,18.461504,-97.390491,https://mitehuacan.mx/?ruta=41
2,Zapateria Zona Confort,zapatería,107,18.458966,-97.392519,https://mitehuacan.mx/?ruta=41
2,Zapateria Mayfer,zapatería,115,18.460024,-97.392568,https://mitehuacan.mx/?ruta=41
2,Zapaterias Greys,zapatería,118,18.460532,-97.392587,https://mitehuacan.mx/?ruta=41
2,Zapateria Moda Shoes,zapatería,119,18.460559,-97.392588,https://mitehuacan.mx/?ruta=41
2,Zapateria Pachikitos,zapatería,119,18.458807,-97.392631,https://mitehuacan.mx/?ruta=41
2,Zapateria Gloria,zapatería,124,18.46496,-97.392567,https://mitehuacan.mx/?ruta=41
2,Taller De Calzado 3 Hermanos,zapatería,128,18.458146,-97.392725,https://mitehuacan.mx/?ruta=41
2,Zapateria Mago,zapatería,130,18.456698,-97.392757,https://mitehuacan.mx/?ruta=41
2,Reparadora De Calzado Puebla,zapatería,134,18.456337,-97.392799,https://mitehuacan.mx/?ruta=41
2,Zapateria Arther,zapatería,134,18.460955,-97.39273,https://mitehuacan.mx/?ruta=41
2,Zapateria Ing Roberto,zapatería,135,18.462892,-97.388158,https://mitehuacan.mx/?ruta=41
3,Venta De Accesorios Para Dama Novedades Flor De Abril,accesorios,0,18.460364,-97.389476,https://mitehuacan.mx/?ruta=41
3,Accesorios Michelle,accesorios,1,18.461178,-97.389468,https://mitehuacan.mx/?ruta=41
3,Bisuteria Amor Mio,accesorios,1,18.460934,-97.38947,https://mitehuacan.mx/?ruta=41
3,Venta De Chacharitas Sin Nombre,accesorios,2,18.458292,-97.389522,https://mitehuacan.mx/?ruta=41
3,Venta De Moñoz Moñoz Coqueta,accesorios,2,18.459649,-97.389483,https://mitehuacan.mx/?ruta=41
3,Compra Venta De Ropa Y Accesorios Enchulateh,accesorios,3,18.457921,-97.389526,https://mitehuacan.mx/?ruta=41
3,Novedades Sin Nombre,accesorios,3,18.458925,-97.389494,https://mitehuacan.mx/?ruta=41
3,Amatista Bisuteria,accesorios,4,18.466125,-97.391332,https://mitehuacan.mx/?ruta=41
3,Novedades Lin,accesorios,4,18.458669,-97.39147,https://mitehuacan.mx/?ruta=41
3,Venta De Curiosidades Amigurumis,accesorios,4,18.45669,-97.389538,https://mitehuacan.mx/?ruta=41
3,Accesorios Michel,accesorios,5,18.461202,-97.391409,https://mitehuacan.mx/?ruta=41
3,Novedades Itzel,accesorios,5,18.460704,-97.391414,https://mitehuacan.mx/?ruta=41
3,Tienda De Ropa Sin Nombre,accesorios,5,18.462269,-97.391382,https://mitehuacan.mx/?ruta=41
3,Venta De Accesorios Para Dama Escaparate,accesorios,5,18.459573,-97.391435,https://mitehuacan.mx/?ruta=41
3,Tienda De Accesorios Por Mayoreo Merca Asia,accesorios,6,18.459347,-97.391439,https://mitehuacan.mx/?ruta=41
3,Tienda De Bisuteria Y Novedades Magic,accesorios,6,18.459419,-97.391438,https://mitehuacan.mx/?ruta=41
3,Accesorios Para Cabello Sin Nombre,accesorios,7,18.462381,-97.391493,https://mitehuacan.mx/?ruta=41
3,Accesorios Andi Dois,accesorios,8,18.465941,-97.386224,https://mitehuacan.mx/?ruta=41
3,Bisuteria Ar,accesorios,8,18.464825,-97.389516,https://mitehuacan.mx/?ruta=41
3,Chacharas Venta De Diferentes Articulos De Temporada Sin Nom,accesorios,11,18.460686,-97.389369,https://mitehuacan.mx/?ruta=41
3,Venta De Chucherias Farez Bazar,accesorios,11,18.464776,-97.389273,https://mitehuacan.mx/?ruta=41
3,Bisuteria Amor Mio,accesorios,13,18.459718,-97.38938,https://mitehuacan.mx/?ruta=41
3,Venta De Gorras Yoseline,accesorios,13,18.460872,-97.389583,https://mitehuacan.mx/?ruta=41
3,Gorras Y Playeras El Chino,accesorios,15,18.458732,-97.389393,https://mitehuacan.mx/?ruta=41
3,Tienda Dechacharas El Baratetito,accesorios,15,18.463346,-97.389303,https://mitehuacan.mx/?ruta=41
3,Bisuteria Kiru,accesorios,24,18.460915,-97.391232,https://mitehuacan.mx/?ruta=41
3,Tienda De Novedades Aremi,accesorios,24,18.460855,-97.389232,https://mitehuacan.mx/?ruta=41
3,Bisuteria Y Regalos Sin Nombre,accesorios,27,18.461948,-97.391178,https://mitehuacan.mx/?ruta=41
3,Vicmaly La Casa De Las Muñecas,accesorios,31,18.457349,-97.389273,https://mitehuacan.mx/?ruta=41
3,Tienda De Ropa Sin Nombre,accesorios,47,18.462056,-97.390994,https://mitehuacan.mx/?ruta=41
3,Chacharitas Yael,accesorios,50,18.458712,-97.389058,https://mitehuacan.mx/?ruta=41
3,Bolsas Y Accesorios Egos Longinos,accesorios,51,18.46485,-97.39091,https://mitehuacan.mx/?ruta=41
3,Venta De Mochilas Y Bolsas Sin Nombre,accesorios,52,18.458793,-97.391996,https://mitehuacan.mx/?ruta=41
3,Venta De Mochilas Y Bolsas Sin Nombre,accesorios,57,18.460844,-97.38892,https://mitehuacan.mx/?ruta=41
3,Venta De Cinturones Y Gorras Publicidad Fercho,accesorios,64,18.460885,-97.390066,https://mitehuacan.mx/?ruta=41
3,Cinturon Casual,accesorios,76,18.460493,-97.390749,https://mitehuacan.mx/?ruta=41
3,Venta De Gorras Publicidad Y Beisbol,accesorios,79,18.458973,-97.390754,https://mitehuacan.mx/?ruta=41
3,Articulos De Bisuteria Fantasias Dany,accesorios,81,18.462859,-97.390654,https://mitehuacan.mx/?ruta=41
3,Joyeria De Fantasia Y Plata - Plata Linda,accesorios,81,18.462859,-97.390654,https://mitehuacan.mx/?ruta=41
3,Venta De Accesorios De Acero Inoxidable Tx Acero Inoxidable,accesorios,81,18.462859,-97.390654,https://mitehuacan.mx/?ruta=41
3,Centro Comercial Casa China,accesorios,82,18.458658,-97.39073,https://mitehuacan.mx/?ruta=41
3,Venta De Moños Y Accesorios,accesorios,85,18.460274,-97.390664,https://mitehuacan.mx/?ruta=41
3,Compra Venta De Bisuteria Y Accesorios Para Dama La Bella,accesorios,86,18.462976,-97.390603,https://mitehuacan.mx/?ruta=41
3,Venta De Moños Nina,accesorios,87,18.4609,-97.390635,https://mitehuacan.mx/?ruta=41
3,Venta De Gorras,accesorios,94,18.457044,-97.390461,https://mitehuacan.mx/?ruta=41
3,Joyeria Y Accesorios Valeria,accesorios,98,18.459407,-97.392421,https://mitehuacan.mx/?ruta=41
3,Venta De Bisuteria Y Novedades Sarang,accesorios,99,18.458651,-97.390568,https://mitehuacan.mx/?ruta=41
3,Venta De Bolsas El Rey De La Bolsa,accesorios,119,18.462779,-97.388314,https://mitehuacan.mx/?ruta=41
3,Compra Venta De Accesorios Para Dama,accesorios,125,18.464879,-97.392569,https://mitehuacan.mx/?ruta=41
3,Perfumeria Y Regalos,accesorios,126,18.46152,-97.392641,https://mitehuacan.mx/?ruta=41
3,Preparatoria Federal,asistencia social,1,18.466677,-97.389415,https://mitehuacan.mx/?ruta=41
3,Lavado De Autos Sin Nombre,autolavado,2,18.465891,-97.389082,https://mitehuacan.mx/?ruta=41
3,Autolavado Hermanos Zenteno,autolavado,3,18.448524,-97.383228,https://mitehuacan.mx/?ruta=41
3,Autolavado Sin Nombre,autolavado,3,18.427311,-97.374797,https://mitehuacan.mx/?ruta=41
3,Servicio Y Lubricantes Garcia,autolavado,6,18.451234,-97.385092,https://mitehuacan.mx/?ruta=41
3,Lavado De Autos,autolavado,11,18.415546,-97.368443,https://mitehuacan.mx/?ruta=41
3,Autolavado Lorenzo,autolavado,36,18.446966,-97.382929,https://mitehuacan.mx/?ruta=41
3,Autolavado Splash,autolavado,42,18.466234,-97.384544,https://mitehuacan.mx/?ruta=41
3,Lavado De Autos Checo,autolavado,48,18.467015,-97.391805,https://mitehuacan.mx/?ruta=41
3,Autolavado El Dorado,autolavado,71,18.430696,-97.368682,https://mitehuacan.mx/?ruta=41
3,Autolavado Jimenez,autolavado,83,18.464004,-97.384795,https://mitehuacan.mx/?ruta=41
3,Auto Lavado Alva,autolavado,93,18.455551,-97.390483,https://mitehuacan.mx/?ruta=41
3,Lavado Y Estacionamiento Riko,autolavado,103,18.466922,-97.392339,https://mitehuacan.mx/?ruta=41
3,Autolavado Cabaña,autolavado,109,18.453437,-97.389264,https://mitehuacan.mx/?ruta=41
3,Lavado De Autos Zuly,autolavado,125,18.467027,-97.392544,https://mitehuacan.mx/?ruta=41
3,Autolavado Castillo,autolavado,141,18.456634,-97.392866,https://mitehuacan.mx/?ruta=41
3,Bar 69 Club,bar,2,18.463431,-97.389428,https://mitehuacan.mx/?ruta=41
3,Pulqueria El Humilladero,bar,3,18.427679,-97.374931,https://mitehuacan.mx/?ruta=41
3,Bar El Companero 1,bar,12,18.457498,-97.389678,https://mitehuacan.mx/?ruta=41
3,Bar Presidente,bar,12,18.467012,-97.391324,https://mitehuacan.mx/?ruta=41
3,Bar El Nuevo Aterrizaje,bar,14,18.463165,-97.38931,https://mitehuacan.mx/?ruta=41
3,Bar Los Colorines,bar,15,18.4634,-97.389301,https://mitehuacan.mx/?ruta=41
3,Bar La Mancha,bar,45,18.464731,-97.384339,https://mitehuacan.mx/?ruta=41
3,Bar Max Le Club,bar,66,18.460904,-97.390834,https://mitehuacan.mx/?ruta=41
3,Bar Drinks Factory,bar,68,18.455554,-97.392191,https://mitehuacan.mx/?ruta=41
3,La Katryna Lounge Antro Bar,bar,80,18.466918,-97.392121,https://mitehuacan.mx/?ruta=41
3,Bar Los Compañeros,bar,83,18.458244,-97.390333,https://mitehuacan.mx/?ruta=41
3,Bar Mar,bar,88,18.457377,-97.388733,https://mitehuacan.mx/?ruta=41
3,Hoster Video Bar,bar,128,18.458481,-97.39272,https://mitehuacan.mx/?ruta=41
3,Bar Costa Verde,bar,142,18.465305,-97.383342,https://mitehuacan.mx/?ruta=41
3,Tienda De Bicicletas La Santa Cleta,bicicletas,2,18.466838,-97.389875,https://mitehuacan.mx/?ruta=41
3,Reparacion De Bicis Sin Nombre,bicicletas,4,18.451407,-97.38534,https://mitehuacan.mx/?ruta=41
3,Bici Refacciones Del Centro,bicicletas,11,18.461329,-97.389347,https://mitehuacan.mx/?ruta=41
3,Fastbike Articulos De Ciclismo,bicicletas,22,18.465667,-97.385855,https://mitehuacan.mx/?ruta=41
3,Biciservicio Galicia,bicicletas,24,18.447693,-97.383195,https://mitehuacan.mx/?ruta=41
3,Bicicletas Y Refacciones Ikki,bicicletas,28,18.460854,-97.389194,https://mitehuacan.mx/?ruta=41
3,Venta Refacciones Y Bicicletas Bicimundo,bicicletas,29,18.460768,-97.389738,https://mitehuacan.mx/?ruta=41
3,Reparacion De Bicicletas Galicia,bicicletas,30,18.452215,-97.385568,https://mitehuacan.mx/?ruta=41
3,Reparacion De Bicicletas Sin Nombre,bicicletas,43,18.465269,-97.384292,https://mitehuacan.mx/?ruta=41
3,Ciclo Sport Benotto,bicicletas,86,18.460093,-97.390664,https://mitehuacan.mx/?ruta=41
3,Tienda De Refacciones Para Bicicletas Foxy,bicicletas,98,18.459359,-97.392419,https://mitehuacan.mx/?ruta=41
3,Bicis Y Refacciones De La 7,bicicletas,101,18.466787,-97.38695,https://mitehuacan.mx/?ruta=41
3,Refacciones Para Bicletas Y Bicicletas Foxy,bicicletas,111,18.459444,-97.392546,https://mitehuacan.mx/?ruta=41
3,Bicicletas Y Refacciones Analishia,bicicletas,114,18.459779,-97.392559,https://mitehuacan.mx/?ruta=41
3,Renta De Mesas De Billar Snookball,billar,4,18.463319,-97.391369,https://mitehuacan.mx/?ruta=41
3,Billares Rocker Pool,billar,40,18.462357,-97.389817,https://mitehuacan.mx/?ruta=41
3,Billares Kalynova,billar,74,18.455055,-97.387309,https://mitehuacan.mx/?ruta=41
3,Caja Popular Mexicana Sucursal Granadas,caja de ahorro,0,18.465324,-97.384694,https://mitehuacan.mx/?ruta=41
3,Caja Popular Mexicana Sucursal Tehuacan,caja de ahorro,63,18.462504,-97.39202,https://mitehuacan.mx/?ruta=41
3,Caja Zongolica Suc Tehuacan,caja de ahorro,85,18.464838,-97.390248,https://mitehuacan.mx/?ruta=41
3,Adima Servicios Financieros,caja de ahorro,106,18.460737,-97.392463,https://mitehuacan.mx/?ruta=41
3,Caja Universal Cooperativa De Ahorro Y Prestamo,caja de ahorro,115,18.459916,-97.392564,https://mitehuacan.mx/?ruta=41
3,Casa De Empeño Respuesta Rapida,casa de empeño,2,18.462346,-97.389457,https://mitehuacan.mx/?ruta=41
3,Casa De Empeños Presta Teh,casa de empeño,2,18.462545,-97.389455,https://mitehuacan.mx/?ruta=41
3,Casa De Empeño El Trueque,casa de empeño,4,18.455532,-97.389571,https://mitehuacan.mx/?ruta=41
3,Casa De Empeño Prenda Lana,casa de empeño,4,18.463319,-97.391369,https://mitehuacan.mx/?ruta=41
3,Casa De Empeño La Esperanza,casa de empeño,5,18.464535,-97.389395,https://mitehuacan.mx/?ruta=41
3,Casa De Empeño Multiventas,casa de empeño,5,18.464504,-97.391347,https://mitehuacan.mx/?ruta=41
3,Casa De Empeño Prendaval,casa de empeño,5,18.464553,-97.389395,https://mitehuacan.mx/?ruta=41
3,Casa De Empeño Prestaval,casa de empeño,5,18.462333,-97.391382,https://mitehuacan.mx/?ruta=41
3,Casa De Empeño Casa Prendaria,casa de empeño,6,18.464508,-97.391451,https://mitehuacan.mx/?ruta=41
3,Prenda Mex Sucursal 1849 Pue,casa de empeño,10,18.460754,-97.389368,https://mitehuacan.mx/?ruta=41
3,Realice Sucursal 4237 Pue,casa de empeño,10,18.462872,-97.391322,https://mitehuacan.mx/?ruta=41
3,Casa De Empeño Surti Empeños,casa de empeño,12,18.462414,-97.389327,https://mitehuacan.mx/?ruta=41
3,Casa De Empeño Prenda Joya,casa de empeño,15,18.463283,-97.389305,https://mitehuacan.mx/?ruta=41
3,Casa De Empeño Valle De Oro,casa de empeño,15,18.462871,-97.39128,https://mitehuacan.mx/?ruta=41
3,Casa De Empeño De Remate,casa de empeño,32,18.465169,-97.389394,https://mitehuacan.mx/?ruta=41
3,Empeño Facial Tehuacan,casa de empeño,34,18.462868,-97.391095,https://mitehuacan.mx/?ruta=41
3,Prendaval,casa de empeño,75,18.460711,-97.390749,https://mitehuacan.mx/?ruta=41
3,Casa De Empeño Prenda Joya,casa de empeño,80,18.458746,-97.39029,https://mitehuacan.mx/?ruta=41
3,Casa De Empeño Prenda Joya,casa de empeño,83,18.460936,-97.392246,https://mitehuacan.mx/?ruta=41
3,Casa De Empeño Mega Empeños,casa de empeño,102,18.460845,-97.392424,https://mitehuacan.mx/?ruta=41
3,Casa De Empeño La Esperanza,casa de empeño,111,18.463793,-97.387051,https://mitehuacan.mx/?ruta=41
3,Casa Prendaria,casa de empeño,120,18.463712,-97.387056,https://mitehuacan.mx/?ruta=41
3,Casa De Empeño Real Los Arcos 2,casa de empeño,137,18.456524,-97.392822,https://mitehuacan.mx/?ruta=41
3,Cerrajeria Arroyo,cerrajería,1,18.460129,-97.389478,https://mitehuacan.mx/?ruta=41
3,Cerrajeria Ramirez 2,cerrajería,4,18.444104,-97.381209,https://mitehuacan.mx/?ruta=41
3,Cerrajeria Castro,cerrajería,5,18.446617,-97.382213,https://mitehuacan.mx/?ruta=41
3,Cerrajeria El Aguila,cerrajería,5,18.457972,-97.391473,https://mitehuacan.mx/?ruta=41
3,Cerrajeria Imperial,cerrajería,5,18.462541,-97.391381,https://mitehuacan.mx/?ruta=41
3,Cerrajeria Mexicana,cerrajería,5,18.464653,-97.389392,https://mitehuacan.mx/?ruta=41
3,Cerrajeria Montoro,cerrajería,7,18.460165,-97.391544,https://mitehuacan.mx/?ruta=41
3,Servicio De Cerrajeria Cerrajeria Gaba,cerrajería,11,18.462288,-97.38933,https://mitehuacan.mx/?ruta=41
3,Cerrajeria Independencia,cerrajería,19,18.462871,-97.391242,https://mitehuacan.mx/?ruta=41
3,Cerrajeria La Cerrajeria,cerrajería,47,18.461938,-97.390989,https://mitehuacan.mx/?ruta=41
3,Cerrajeria Sin Nombre,cerrajería,76,18.458659,-97.390786,https://mitehuacan.mx/?ruta=41
3,Cerrajeria Najera,cerrajería,138,18.463508,-97.384832,https://mitehuacan.mx/?ruta=41
3,Cafetería Morentina,coffee,50,18.463246,-97.390936,https://mitehuacan.mx/?ruta=41
3,Pollos Guerrero,comida,3,18.461542,-97.389421,https://mitehuacan.mx/?ruta=41
3,Cemitas La Poblanita,comida,4,18.463967,-97.391361,https://mitehuacan.mx/?ruta=41
3,Tacos El Primó,comida,7,18.463791,-97.391472,https://mitehuacan.mx/?ruta=41
3,Pizzas iolo,comida,26,18.462976,-97.391165,https://mitehuacan.mx/?ruta=41
3,Yankees Pizzas,comida,58,18.458704,-97.392054,https://mitehuacan.mx/?ruta=41
3,Pollos Guerrero,comida,83,18.460788,-97.390676,https://mitehuacan.mx/?ruta=41
3,New York Pizza,comida,102,18.456494,-97.392494,https://mitehuacan.mx/?ruta=41
3,Tortas Hidalguenses,comida,111,18.458501,-97.388491,https://mitehuacan.mx/?ruta=41
3,Domino's,comida,139,18.463527,-97.386638,https://mitehuacan.mx/?ruta=41
3,Okreativa Diseño,company,103,18.417778,-97.369553,https://mitehuacan.mx/?ruta=41
3,Ciber Hairo,computación,3,18.464797,-97.385456,https://mitehuacan.mx/?ruta=41
3,Ciber Retro,computación,4,18.448083,-97.383075,https://mitehuacan.mx/?ruta=41
3,Internet Sin Nombre,computación,4,18.466577,-97.391328,https://mitehuacan.mx/?ruta=41
3,Ciber Acct,computación,5,18.462269,-97.391382,https://mitehuacan.mx/?ruta=41
3,Cafe Con Aroma De Internet,computación,6,18.464508,-97.391451,https://mitehuacan.mx/?ruta=41
3,Videojuegos Game Of War,computación,6,18.447785,-97.383045,https://mitehuacan.mx/?ruta=41
3,Renta Computadoras Ciber Troyano,computación,10,18.425335,-97.370988,https://mitehuacan.mx/?ruta=41
3,Ciber Broos,computación,14,18.457094,-97.389438,https://mitehuacan.mx/?ruta=41
3,Internet Romi,computación,29,18.4307,-97.374313,https://mitehuacan.mx/?ruta=41
3,Papeleria Dacom,computación,31,18.467184,-97.391322,https://mitehuacan.mx/?ruta=41
3,Cibercafe The Site,computación,33,18.465572,-97.389265,https://mitehuacan.mx/?ruta=41
3,Internet Nautilus,computación,49,18.457411,-97.390031,https://mitehuacan.mx/?ruta=41
3,Ciber Sin Nombre,computación,54,18.420271,-97.375234,https://mitehuacan.mx/?ruta=41
3,Ciber Mixti,computación,92,18.463965,-97.387042,https://mitehuacan.mx/?ruta=41
3,Informatica Aplicada De Tehuacan,computación,96,18.458979,-97.392407,https://mitehuacan.mx/?ruta=41
3,Kaos Renta De Computadoras,computación,101,18.463105,-97.39237,https://mitehuacan.mx/?ruta=41
3,Cyber Sin Nombre,computación,109,18.453479,-97.390942,https://mitehuacan.mx/?ruta=41
3,Internet Del Centro,computación,126,18.461502,-97.392641,https://mitehuacan.mx/?ruta=41
3,Cyber Lux,computación,137,18.446244,-97.383611,https://mitehuacan.mx/?ruta=41
3,Despacho Contable Martinez,contadores,5,18.463482,-97.391363,https://mitehuacan.mx/?ruta=41
3,Servicios Contables Sin Nombre,contadores,6,18.465646,-97.384596,https://mitehuacan.mx/?ruta=41
3,Despacho Contable Fiscal Sebline,contadores,7,18.466173,-97.391436,https://mitehuacan.mx/?ruta=41
3,Despacho Contable Sin Nombre,contadores,9,18.456056,-97.391613,https://mitehuacan.mx/?ruta=41
3,Rampah Soluciones Estrategicas,contadores,52,18.458694,-97.392,https://mitehuacan.mx/?ruta=41
3,Asesoria Contable Fiscal Y Administrativa,contadores,69,18.447197,-97.383408,https://mitehuacan.mx/?ruta=41
3,Inmobiliaria Amin,contadores,99,18.464874,-97.392323,https://mitehuacan.mx/?ruta=41
3,Waldo Alonso Y Asociados,contadores,101,18.46306,-97.392371,https://mitehuacan.mx/?ruta=41
3,Amaro Reyna Y Herrero Consultores,contadores,145,18.460858,-97.392828,https://mitehuacan.mx/?ruta=41
3,Centro De Copiado Quality Sharp,copias,15,18.46474,-97.389273,https://mitehuacan.mx/?ruta=41
3,Papeleria Y Jugueteria Bubitos Star,copias,16,18.455548,-97.388417,https://mitehuacan.mx/?ruta=41
3,Copias Y Papeleria Hidalgo,copias,75,18.457462,-97.392231,https://mitehuacan.mx/?ruta=41
3,Centro De Copiado Sin Nombre,copias,103,18.45047,-97.383395,https://mitehuacan.mx/?ruta=41
3,Copias Saraoma,copias,116,18.464877,-97.392484,https://mitehuacan.mx/?ruta=41
3,Venta De Tenis Y Gorras Sin Nombre,deportes,1,18.461215,-97.389468,https://mitehuacan.mx/?ruta=41
3,Tienda De Ropa Deportiva Sin Nombre,deportes,2,18.462219,-97.389458,https://mitehuacan.mx/?ruta=41
3,Compra Venta De Ropa Deportiva Anda Sports,deportes,5,18.46541,-97.391339,https://mitehuacan.mx/?ruta=41
3,Tienda De Articulos Deportivos Montaño,deportes,6,18.459151,-97.391557,https://mitehuacan.mx/?ruta=41
3,Tienda De Ropa Deportiva Sportworld Factory,deportes,6,18.465359,-97.391443,https://mitehuacan.mx/?ruta=41
3,Tienda De Tennis Señor Tenni,deportes,6,18.46135,-97.391508,https://mitehuacan.mx/?ruta=41
3,Tienda De Ropa Deportiva Ga Mat Sport,deportes,7,18.46659,-97.391432,https://mitehuacan.mx/?ruta=41
3,Deportes Dialta,deportes,12,18.461184,-97.389343,https://mitehuacan.mx/?ruta=41
3,Tienda De Deportes Atleticos,deportes,12,18.462985,-97.391305,https://mitehuacan.mx/?ruta=41
3,Venta De Playeras Deportivas Sin Nombre,deportes,12,18.459863,-97.389379,https://mitehuacan.mx/?ruta=41
3,Tienda De Deportes Tehuacan Zona Sport,deportes,15,18.463328,-97.389304,https://mitehuacan.mx/?ruta=41
3,Zapateria Nueva Moda,deportes,15,18.458795,-97.389392,https://mitehuacan.mx/?ruta=41
3,Bacafra Sport,deportes,18,18.464737,-97.384595,https://mitehuacan.mx/?ruta=41
3,Atleticos,deportes,19,18.462986,-97.391234,https://mitehuacan.mx/?ruta=41
3,Compra Y Venta De Ropa Deportiva Zas Sport,deportes,21,18.46182,-97.389646,https://mitehuacan.mx/?ruta=41
3,Compra Venta De Ropa Deportiva Influencers,deportes,32,18.464862,-97.391697,https://mitehuacan.mx/?ruta=41
3,Temo Tenis,deportes,34,18.462997,-97.391741,https://mitehuacan.mx/?ruta=41
3,Zapateria Stop,deportes,38,18.464944,-97.391751,https://mitehuacan.mx/?ruta=41
3,Majo Recarga Y Mas,deportes,42,18.456978,-97.38997,https://mitehuacan.mx/?ruta=41
3,Zapateria Tenis Juquilita,deportes,42,18.458668,-97.391109,https://mitehuacan.mx/?ruta=41
3,Atleticos,deportes,44,18.462899,-97.391839,https://mitehuacan.mx/?ruta=41
3,Tieda De Articulos Deportivos Atleticos,deportes,48,18.462888,-97.391877,https://mitehuacan.mx/?ruta=41
3,Venta De Patinetas Hectic Skateshop,deportes,49,18.455784,-97.390067,https://mitehuacan.mx/?ruta=41
3,Zapateria Calza A La Moda,deportes,51,18.458712,-97.389048,https://mitehuacan.mx/?ruta=41
3,Uniformes Deportivos Barropaz,deportes,59,18.458707,-97.388972,https://mitehuacan.mx/?ruta=41
3,Compra Venta De Tenis Luna Nueva,deportes,63,18.458634,-97.390133,https://mitehuacan.mx/?ruta=41
3,Venta De Tenis Y Gorras Sin Nombre,deportes,64,18.458634,-97.390142,https://mitehuacan.mx/?ruta=41
3,Compra Venta De Articulos Deportivos Lily,deportes,68,18.464835,-97.390085,https://mitehuacan.mx/?ruta=41
3,Articulos Deportivos Barroso,deportes,77,18.460068,-97.390749,https://mitehuacan.mx/?ruta=41
3,Zapateria Moda A Tus Pies,deportes,79,18.46158,-97.390195,https://mitehuacan.mx/?ruta=41
3,Tienda De Ropa Venta Gorras Y Playeras El Chino,deportes,81,18.462859,-97.390654,https://mitehuacan.mx/?ruta=41
3,Venta De Ropa Deportiva Para Hombre Sin Nombre,deportes,84,18.460726,-97.390664,https://mitehuacan.mx/?ruta=41
3,Venta De Tenis En General Pirma,deportes,85,18.460319,-97.390664,https://mitehuacan.mx/?ruta=41
3,Zapateria Juquilita,deportes,85,18.460536,-97.390664,https://mitehuacan.mx/?ruta=41
3,Venta De Articulos Deportivos Central Deportiva,deportes,86,18.45753,-97.390711,https://mitehuacan.mx/?ruta=41
3,Zapateria Pirma Orange Sport,deportes,86,18.459785,-97.390665,https://mitehuacan.mx/?ruta=41
3,Zapaterias Venta De Tenis,deportes,88,18.459033,-97.390669,https://mitehuacan.mx/?ruta=41
3,Articulos Militares El Infante,deportes,92,18.463965,-97.387042,https://mitehuacan.mx/?ruta=41
3,Compra Venta De Ropa Deportiva Cory Fit,deportes,97,18.464873,-97.392304,https://mitehuacan.mx/?ruta=41
3,Venta De Tenis Always Cute,deportes,105,18.460546,-97.392457,https://mitehuacan.mx/?ruta=41
3,Clonner Tennis,deportes,129,18.45687,-97.392752,https://mitehuacan.mx/?ruta=41
3,Caseta Esquina De La Suerte,deportes,131,18.462915,-97.392654,https://mitehuacan.mx/?ruta=41
3,Modelorama,depósito,5,18.429232,-97.375382,https://mitehuacan.mx/?ruta=41
3,Deposito De Cerveza Perla Negra,depósito,12,18.455078,-97.388041,https://mitehuacan.mx/?ruta=41
3,Pue Six Republica,depósito,107,18.447275,-97.383846,https://mitehuacan.mx/?ruta=41
3,Mueganos El Real De Tehuacan,dulcería,3,18.457767,-97.389527,https://mitehuacan.mx/?ruta=41
3,Venta De Dulces Tipicos Mueganos El Aguila,dulcería,4,18.457619,-97.39148,https://mitehuacan.mx/?ruta=41
3,Central De Dulces,dulcería,8,18.460563,-97.39154,https://mitehuacan.mx/?ruta=41
3,Dulces Y Piñatas Bello,dulcería,27,18.461948,-97.391178,https://mitehuacan.mx/?ruta=41
3,El Reyno De Dabichos,dulcería,27,18.461948,-97.391178,https://mitehuacan.mx/?ruta=41
3,Venta De Dulces Sin Nombre,dulcería,27,18.461948,-97.391178,https://mitehuacan.mx/?ruta=41
3,Dulceria La Chispa Del Sabor,dulcería,38,18.458611,-97.389175,https://mitehuacan.mx/?ruta=41
3,Venta De Dulce,dulcería,57,18.425837,-97.374825,https://mitehuacan.mx/?ruta=41
3,Venta De Dulces Sin Nombre,dulcería,80,18.450997,-97.386074,https://mitehuacan.mx/?ruta=41
3,Asuka Venta De Materias Primas Y Utensilios Para Reposteria,dulcería,98,18.457965,-97.392444,https://mitehuacan.mx/?ruta=41
3,Venta De Dulces Y Refrescos Paola,dulcería,105,18.462091,-97.392426,https://mitehuacan.mx/?ruta=41
3,Venta De Dulces Refrescos Y Cigarros,dulcería,108,18.462907,-97.392436,https://mitehuacan.mx/?ruta=41
3,Dulce Tradicion,dulcería,130,18.456734,-97.392756,https://mitehuacan.mx/?ruta=41
3,Miscelanea Sin Nombre,dulcería,130,18.455594,-97.392775,https://mitehuacan.mx/?ruta=41
3,Dulceria Escobedo,dulcería,135,18.45441,-97.392525,https://mitehuacan.mx/?ruta=41
3,Caseta De Parque,dulcería,137,18.462098,-97.392729,https://mitehuacan.mx/?ruta=41
3,Estudio Fotografico Alpha Y Omega,fotografía,2,18.465889,-97.387706,https://mitehuacan.mx/?ruta=41
3,Estudio De Fotos Fotogama,fotografía,4,18.458762,-97.389497,https://mitehuacan.mx/?ruta=41
3,Foto Estudio Noba Digital Servicio De Fotografia,fotografía,6,18.464526,-97.391451,https://mitehuacan.mx/?ruta=41
3,Foto Estudio Nova.,fotografía,19,18.455006,-97.391618,https://mitehuacan.mx/?ruta=41
3,Estudio Saul Magaña,fotografía,34,18.464934,-97.391068,https://mitehuacan.mx/?ruta=41
3,Foto Klick,fotografía,36,18.464863,-97.391735,https://mitehuacan.mx/?ruta=41
3,Foto Estudio Lumiere,fotografía,39,18.465522,-97.38939,https://mitehuacan.mx/?ruta=41
3,La Casa De La Plata,fotografía,52,18.458694,-97.392,https://mitehuacan.mx/?ruta=41
3,Foto Estudio Noba Digital Estudio De Fotografia,fotografía,79,18.464951,-97.39214,https://mitehuacan.mx/?ruta=41
3,Foto Fujillama,fotografía,92,18.46094,-97.392332,https://mitehuacan.mx/?ruta=41
3,Malvaez Selfie Studio,fotografía,100,18.455758,-97.392489,https://mitehuacan.mx/?ruta=41
3,Centro Digital Fotografico,fotografía,101,18.464874,-97.392342,https://mitehuacan.mx/?ruta=41
3,La Feria,fotografía,116,18.461083,-97.392555,https://mitehuacan.mx/?ruta=41
3,Tienda De Telefonia Distribuidor Autorizado Pamec Telcel,fotografía,132,18.460856,-97.392705,https://mitehuacan.mx/?ruta=41
3,Video Y Fotografia Sin Nombre,fotografía,132,18.445879,-97.383371,https://mitehuacan.mx/?ruta=41
3,Estudio De Fotos Fujifilm,fotografía,135,18.462713,-97.388158,https://mitehuacan.mx/?ruta=41
3,Foto Studio Mario,fotografía,136,18.464962,-97.39268,https://mitehuacan.mx/?ruta=41
3,Fotoestudio Mario,fotografía,145,18.464951,-97.392762,https://mitehuacan.mx/?ruta=41
3,Comercializadora San Gabriel,frutería,1,18.458723,-97.389541,https://mitehuacan.mx/?ruta=41
3,Frutas Y Verduras Vico,frutería,1,18.421077,-97.376069,https://mitehuacan.mx/?ruta=41
3,Compra Venta De Frutas Y Verduras El Caribe,frutería,2,18.458518,-97.38952,https://mitehuacan.mx/?ruta=41
3,Compra Venta De Frutas Y Verduras Tehuacan,frutería,2,18.458401,-97.389521,https://mitehuacan.mx/?ruta=41
3,Verduleria Sin Nombre,frutería,2,18.455396,-97.389574,https://mitehuacan.mx/?ruta=41
3,Venta De Platanos Sin Nombre,frutería,3,18.45888,-97.389495,https://mitehuacan.mx/?ruta=41
3,Abastecedora Del Campo,frutería,4,18.464815,-97.388852,https://mitehuacan.mx/?ruta=41
3,Verduleria Alonso,frutería,4,18.415461,-97.369036,https://mitehuacan.mx/?ruta=41
3,Polleria Frutas Y Verduras,frutería,5,18.445171,-97.381467,https://mitehuacan.mx/?ruta=41
3,Venta De Jitomate,frutería,5,18.461564,-97.391399,https://mitehuacan.mx/?ruta=41
3,Frutas Y Verduras Befelseh,frutería,6,18.465024,-97.391446,https://mitehuacan.mx/?ruta=41
3,Venta De Frutas Y Verduras Befelseh,frutería,6,18.465024,-97.391446,https://mitehuacan.mx/?ruta=41
3,El Expendio,frutería,7,18.457667,-97.391583,https://mitehuacan.mx/?ruta=41
3,Frutas Y Verduras Sin Nombre,frutería,14,18.429989,-97.371263,https://mitehuacan.mx/?ruta=41
3,Frutas Lupe,frutería,27,18.461948,-97.391178,https://mitehuacan.mx/?ruta=41
3,Frutas Y Verduras El Huerto,frutería,27,18.461948,-97.391178,https://mitehuacan.mx/?ruta=41
3,Frutas Y Verduras Irma,frutería,27,18.461948,-97.391178,https://mitehuacan.mx/?ruta=41
3,Frutas Y Verduras La Flor De Tabasco,frutería,27,18.461948,-97.391178,https://mitehuacan.mx/?ruta=41
3,Frutas Y Verduras Sin Nombre,frutería,27,18.461948,-97.391178,https://mitehuacan.mx/?ruta=41
3,Frutas Y Verduras Toya,frutería,27,18.461948,-97.391178,https://mitehuacan.mx/?ruta=41
3,Venta De Abarrotes Y Verduras,frutería,27,18.461948,-97.391178,https://mitehuacan.mx/?ruta=41
3,Venta De Frutas Y Verduras Sin Nombre,frutería,27,18.461948,-97.391178,https://mitehuacan.mx/?ruta=41
3,Venta De Verduras Sin Nombre,frutería,27,18.461948,-97.391178,https://mitehuacan.mx/?ruta=41
3,Venta De Verduras Y Legumbres Piachis,frutería,27,18.461948,-97.391178,https://mitehuacan.mx/?ruta=41
3,Verduleria Las Tres Palomas,frutería,27,18.461948,-97.391178,https://mitehuacan.mx/?ruta=41
3,Verduleria Sin Nombre,frutería,27,18.461948,-97.391178,https://mitehuacan.mx/?ruta=41
3,Verduras Divina Providencia,frutería,27,18.461948,-97.391178,https://mitehuacan.mx/?ruta=41
3,Verduras Sin Nombre,frutería,27,18.461948,-97.391178,https://mitehuacan.mx/?ruta=41
3,Verduras Y Chiles Secos Sin Nombre,frutería,27,18.461948,-97.391178,https://mitehuacan.mx/?ruta=41
3,Verduras Y Frutas Sin Nombre,frutería,27,18.461948,-97.391178,https://mitehuacan.mx/?ruta=41
3,Verduras Y Legumbres Sin Nombre,frutería,27,18.461948,-97.391178,https://mitehuacan.mx/?ruta=41
3,Venta De Frutas Y Verduras Sin Nombre,frutería,43,18.451818,-97.386274,https://mitehuacan.mx/?ruta=41
3,Compra Y Venta De Fruta Mendez,frutería,44,18.455483,-97.387971,https://mitehuacan.mx/?ruta=41
3,Frutas Y Verduras Sin Nombre,frutería,52,18.430347,-97.37019,https://mitehuacan.mx/?ruta=41
3,Casa De La Fruta Venta De Fruta,frutería,62,18.465851,-97.384045,https://mitehuacan.mx/?ruta=41
3,Venta De Jitomate Sin Nombre,frutería,88,18.458655,-97.390673,https://mitehuacan.mx/?ruta=41
3,Venta De Frutas Y Verduras,frutería,92,18.457528,-97.390654,https://mitehuacan.mx/?ruta=41
3,Venta De Verduras,frutería,94,18.431629,-97.373477,https://mitehuacan.mx/?ruta=41
3,Frutas Y Verduras Agustina,frutería,95,18.446285,-97.383194,https://mitehuacan.mx/?ruta=41
3,Venta De Frutas Y Verduras,frutería,95,18.46079,-97.390563,https://mitehuacan.mx/?ruta=41
3,Frutas Y Verduras El Mercadito,frutería,115,18.44861,-97.384674,https://mitehuacan.mx/?ruta=41
3,Frutas Y Verduras El Rosario,frutería,137,18.456632,-97.392828,https://mitehuacan.mx/?ruta=41
3,Frutas Y Verduras Bugambilias,frutería,139,18.431677,-97.374556,https://mitehuacan.mx/?ruta=41
3,Venta De Frutas Sin Nombre,frutería,142,18.454286,-97.385858,https://mitehuacan.mx/?ruta=41
3,Funerales Santa Fe,funeraria,4,18.46607,-97.391332,https://mitehuacan.mx/?ruta=41
3,Funerales San Jose,funeraria,5,18.450561,-97.384698,https://mitehuacan.mx/?ruta=41
3,Funerarias Santa Fe,funeraria,7,18.4663,-97.391434,https://mitehuacan.mx/?ruta=41
3,Funerales Mendoza,funeraria,39,18.458627,-97.389905,https://mitehuacan.mx/?ruta=41
3,Funerales Del Angel,funeraria,69,18.456203,-97.388941,https://mitehuacan.mx/?ruta=41
3,Velatorios Y Funerales Jardin,funeraria,130,18.468083,-97.391412,https://mitehuacan.mx/?ruta=41
3,Estación De Servicio E06039,gasolinera,5,18.441284,-97.380123,https://mitehuacan.mx/?ruta=41
3,Petro,gasolinera,5,18.43671,-97.373715,https://mitehuacan.mx/?ruta=41
3,Gasolinera,gasolinera,31,18.441364,-97.380527,https://mitehuacan.mx/?ruta=41
3,Estancia Infantil Nicolas Bravo,guardería,2,18.455169,-97.388233,https://mitehuacan.mx/?ruta=41
3,Hospital Municipal De Tehuacan,hospital,3,18.464826,-97.387277,https://mitehuacan.mx/?ruta=41
3,Clinica San Fernando,hospital,88,18.457564,-97.392351,https://mitehuacan.mx/?ruta=41
3,Unidad Medica De Tehuacan,hospital,99,18.457042,-97.392462,https://mitehuacan.mx/?ruta=41
3,San Francisco,iglesia,75,18.462079,-97.39015,https://mitehuacan.mx/?ruta=41
3,Joyeria Reyes,joyería,5,18.462269,-97.391382,https://mitehuacan.mx/?ruta=41
3,Joyeria Brillante,joyería,6,18.465359,-97.391443,https://mitehuacan.mx/?ruta=41
3,Joyeria R&M,joyería,6,18.464435,-97.391452,https://mitehuacan.mx/?ruta=41
3,Venta De Plata B O,joyería,6,18.457449,-97.391463,https://mitehuacan.mx/?ruta=41
3,Joyeria Arth,joyería,17,18.462984,-97.391257,https://mitehuacan.mx/?ruta=41
3,Joyeria Casa Virginia,joyería,27,18.461948,-97.391178,https://mitehuacan.mx/?ruta=41
3,Relojeria Casa Virginia,joyería,27,18.461948,-97.391178,https://mitehuacan.mx/?ruta=41
3,Relojeria Murguia,joyería,27,18.461948,-97.391178,https://mitehuacan.mx/?ruta=41
3,Joyeria La Moneda,joyería,34,18.461944,-97.391112,https://mitehuacan.mx/?ruta=41
3,Bodega De Novedades Yani,joyería,43,18.459987,-97.389902,https://mitehuacan.mx/?ruta=41
3,Relojeria Murguia,joyería,43,18.462058,-97.391023,https://mitehuacan.mx/?ruta=41
3,Joyeria San Francisco,joyería,54,18.462052,-97.390919,https://mitehuacan.mx/?ruta=41
3,Relojeria Y Regalos Mary,joyería,57,18.461934,-97.390894,https://mitehuacan.mx/?ruta=41
3,Joyeria Mely,joyería,58,18.46296,-97.389987,https://mitehuacan.mx/?ruta=41
3,Joyeria Osorio,joyería,68,18.464835,-97.390085,https://mitehuacan.mx/?ruta=41
3,Tienda De Acero Sin Nombre,joyería,68,18.462731,-97.390773,https://mitehuacan.mx/?ruta=41
3,Tienda De Relojeria Y Joyeria Kairos,joyería,71,18.462078,-97.390761,https://mitehuacan.mx/?ruta=41
3,Comercio De Regalos Reparacion De Articulos Personales Casa ,joyería,72,18.461789,-97.390759,https://mitehuacan.mx/?ruta=41
3,Joyeria Y Relojeria El Rubi,joyería,74,18.458504,-97.390238,https://mitehuacan.mx/?ruta=41
3,Venta De Plata Plata Linda,joyería,81,18.462859,-97.390654,https://mitehuacan.mx/?ruta=41
3,Venta De Reaglos Sin Nombre,joyería,81,18.462859,-97.390654,https://mitehuacan.mx/?ruta=41
3,Joyeria De Acero Sin Nombre,joyería,84,18.460645,-97.390664,https://mitehuacan.mx/?ruta=41
3,Venta De Plata Joyeria Jk,joyería,84,18.458543,-97.39033,https://mitehuacan.mx/?ruta=41
3,Venta De Joyeria Y Pedreria Jalisco,joyería,89,18.461501,-97.390292,https://mitehuacan.mx/?ruta=41
3,Euphoria Jewelry Joyeria Y Accesorios,joyería,98,18.457965,-97.392444,https://mitehuacan.mx/?ruta=41
3,Novedades Electronica Y Novedades Mastr,joyería,100,18.462851,-97.390389,https://mitehuacan.mx/?ruta=41
3,Joyeria Jk,joyería,126,18.461502,-97.392641,https://mitehuacan.mx/?ruta=41
3,Joyeria Jk,joyería,126,18.46181,-97.392636,https://mitehuacan.mx/?ruta=41
3,Venta De Materiales Didacticos Edu Mart,juguetería,3,18.457939,-97.389525,https://mitehuacan.mx/?ruta=41
3,Tienda De Juguetes Nacionales,juguetería,5,18.461717,-97.391394,https://mitehuacan.mx/?ruta=41
3,Gamer Store Reparacion De Videojuegos,juguetería,6,18.465621,-97.391441,https://mitehuacan.mx/?ruta=41
3,Tienda De Regalos Alexis,juguetería,7,18.465847,-97.391439,https://mitehuacan.mx/?ruta=41
3,Juguetes Y Regalos Lagunilla,juguetería,11,18.461863,-97.389341,https://mitehuacan.mx/?ruta=41
3,Tienda De Peluches El Gran Peluche,juguetería,17,18.464595,-97.389276,https://mitehuacan.mx/?ruta=41
3,Jugueteria Sin Nombre,juguetería,27,18.461948,-97.391178,https://mitehuacan.mx/?ruta=41
3,Novedades Y Juguetes Sin Nombre,juguetería,27,18.461948,-97.391178,https://mitehuacan.mx/?ruta=41
3,Novedades Y Regalos Sin Nombre,juguetería,27,18.461948,-97.391178,https://mitehuacan.mx/?ruta=41
3,Tienda De Gorras Y Juguetes,juguetería,27,18.461948,-97.391178,https://mitehuacan.mx/?ruta=41
3,Tienda De Novedades Rosita,juguetería,27,18.461948,-97.391178,https://mitehuacan.mx/?ruta=41
3,Venta De Juguetes Sin Nombre,juguetería,27,18.461948,-97.391178,https://mitehuacan.mx/?ruta=41
3,Venta De Regalos Sin Nombre,juguetería,41,18.425933,-97.374703,https://mitehuacan.mx/?ruta=41
3,Accesorios Videojuegos Niky Games,juguetería,70,18.46235,-97.390762,https://mitehuacan.mx/?ruta=41
3,Jugueteria La Lagunilla,juguetería,72,18.461671,-97.390759,https://mitehuacan.mx/?ruta=41
3,Novedades Y Accesorios De Mexico,juguetería,88,18.458988,-97.390669,https://mitehuacan.mx/?ruta=41
3,Novedades Actitud,juguetería,97,18.461583,-97.390365,https://mitehuacan.mx/?ruta=41
3,Tienda De Peluches Monarca,juguetería,118,18.463727,-97.386979,https://mitehuacan.mx/?ruta=41
3,Venta De Insumos Dentales Apex,laboratorio,0,18.4544,-97.38778,https://mitehuacan.mx/?ruta=41
3,Compra Venta De Uniformes Quirurgicos Monstera Scrub,laboratorio,4,18.463319,-97.391369,https://mitehuacan.mx/?ruta=41
3,Laboratorios Clinicos De Tehuacan,laboratorio,4,18.464761,-97.387469,https://mitehuacan.mx/?ruta=41
3,Tienda De Productos Dentales Dental Plus,laboratorio,4,18.463319,-97.391369,https://mitehuacan.mx/?ruta=41
3,Centro Radiologico Digital Maxilofacial,laboratorio,5,18.464577,-97.391346,https://mitehuacan.mx/?ruta=41
3,Laboratorio San Angel,laboratorio,5,18.466545,-97.389381,https://mitehuacan.mx/?ruta=41
3,Laboratorios Clinicos De Tehuacan,laboratorio,15,18.463283,-97.389305,https://mitehuacan.mx/?ruta=41
3,Uniformes Quirurgicos Rash,laboratorio,16,18.462819,-97.389289,https://mitehuacan.mx/?ruta=41
3,Laboratorios Bioclin,laboratorio,21,18.464605,-97.38695,https://mitehuacan.mx/?ruta=41
3,Deposito Dental Logan,laboratorio,24,18.464735,-97.384538,https://mitehuacan.mx/?ruta=41
3,Dental Del Parque,laboratorio,25,18.455633,-97.388725,https://mitehuacan.mx/?ruta=41
3,Clinica De Imagenologia Santa Monica,laboratorio,40,18.450595,-97.384205,https://mitehuacan.mx/?ruta=41
3,Laboratorio Clinico Cervantes,laboratorio,46,18.450667,-97.384185,https://mitehuacan.mx/?ruta=41
3,Deposito Dental,laboratorio,58,18.465881,-97.390828,https://mitehuacan.mx/?ruta=41
3,Laboratorios De Materiales Para La Construccion,laboratorio,75,18.425668,-97.370188,https://mitehuacan.mx/?ruta=41
3,Deposito Dental Dentstore,laboratorio,76,18.458659,-97.390787,https://mitehuacan.mx/?ruta=41
3,Laboratorio De Diagnostico Molecular Y Clinico Gen Dna,laboratorio,76,18.46702,-97.39208,https://mitehuacan.mx/?ruta=41
3,Laboratorio Medico Del Chopo Sucursal Tehuacan,laboratorio,99,18.456944,-97.392465,https://mitehuacan.mx/?ruta=41
3,Quality Laboratorio,laboratorio,99,18.459586,-97.392427,https://mitehuacan.mx/?ruta=41
3,Laboratorio Clinico Analyzer,laboratorio,103,18.460175,-97.392445,https://mitehuacan.mx/?ruta=41
3,Laboratorios De Analisis Clinicos Diagnostica,laboratorio,108,18.46074,-97.388449,https://mitehuacan.mx/?ruta=41
3,Venta De Uniformes Hospitalarios,laboratorio,128,18.45792,-97.392729,https://mitehuacan.mx/?ruta=41
3,Lavanderia Las Burbujas,lavandería,2,18.418994,-97.374661,https://mitehuacan.mx/?ruta=41
3,Lavanderia Pompas De Jabon,lavandería,4,18.425164,-97.372632,https://mitehuacan.mx/?ruta=41
3,Tintoreria Y Lavanderia Suprema,lavandería,4,18.447661,-97.38285,https://mitehuacan.mx/?ruta=41
3,Lavanderia Ant,lavandería,5,18.464719,-97.384928,https://mitehuacan.mx/?ruta=41
3,Tintoreria Tehuacan,lavandería,5,18.464819,-97.389175,https://mitehuacan.mx/?ruta=41
3,Lavanderia Los Peques,lavandería,7,18.452055,-97.385715,https://mitehuacan.mx/?ruta=41
3,Lavanderia Mama Mia,lavandería,8,18.466929,-97.389815,https://mitehuacan.mx/?ruta=41
3,Lavanderia Perfect Wash,lavandería,9,18.465954,-97.388283,https://mitehuacan.mx/?ruta=41
3,Tintoreria Francesa,lavandería,16,18.455872,-97.389446,https://mitehuacan.mx/?ruta=41
3,Sastreria Emmanuel,lavandería,21,18.457446,-97.391321,https://mitehuacan.mx/?ruta=41
3,Lavanderia Lavasolas,lavandería,22,18.449359,-97.383451,https://mitehuacan.mx/?ruta=41
3,Taller De Planchado Sin Nombre,lavandería,26,18.452236,-97.386383,https://mitehuacan.mx/?ruta=41
3,Lavanderia Lavamatyc,lavandería,27,18.467142,-97.391426,https://mitehuacan.mx/?ruta=41
3,Planchado De Prendas Sin Nombre,lavandería,30,18.452026,-97.386267,https://mitehuacan.mx/?ruta=41
3,Tintoreria Puebla,lavandería,37,18.462837,-97.389792,https://mitehuacan.mx/?ruta=41
3,Lava Jean Tehuacan,lavandería,42,18.467193,-97.389274,https://mitehuacan.mx/?ruta=41
3,Lavanderia San Martin,lavandería,48,18.464658,-97.384323,https://mitehuacan.mx/?ruta=41
3,Lavanderia Juquilita,lavandería,50,18.454748,-97.387322,https://mitehuacan.mx/?ruta=41
3,Tintoreria Y Planchado De Ropa Sin Nombre,lavandería,50,18.453201,-97.387375,https://mitehuacan.mx/?ruta=41
3,Enolav Lavanderia,lavandería,57,18.465311,-97.386939,https://mitehuacan.mx/?ruta=41
3,Tintoreria Premier,lavandería,57,18.465349,-97.385242,https://mitehuacan.mx/?ruta=41
3,Lavanderia Wash App,lavandería,65,18.451502,-97.386286,https://mitehuacan.mx/?ruta=41
3,Lavanderia La Magnifica,lavandería,89,18.455427,-97.390449,https://mitehuacan.mx/?ruta=41
3,Taller De Planchado Sin Nombre,lavandería,90,18.450352,-97.385688,https://mitehuacan.mx/?ruta=41
3,Lavanderia Del Barrio,lavandería,105,18.453422,-97.388183,https://mitehuacan.mx/?ruta=41
3,Lavanderia My Dream,lavandería,117,18.451772,-97.384201,https://mitehuacan.mx/?ruta=41
3,Libreria Promade,librería,2,18.466841,-97.389951,https://mitehuacan.mx/?ruta=41
3,Librolandia de Tehuacán,librería,6,18.464658,-97.391339,https://mitehuacan.mx/?ruta=41
3,Distribuidora Editorial Books Land,librería,8,18.456871,-97.391599,https://mitehuacan.mx/?ruta=41
3,Marisqueria Labamba,mariscos,6,18.426523,-97.37437,https://mitehuacan.mx/?ruta=41
3,Restaurante De Mariscos El Coral,mariscos,6,18.458831,-97.391449,https://mitehuacan.mx/?ruta=41
3,Marisqueria Langostino,mariscos,27,18.461948,-97.391178,https://mitehuacan.mx/?ruta=41
3,Marisqueria Las Palmas,mariscos,27,18.461948,-97.391178,https://mitehuacan.mx/?ruta=41
3,Marisqueria Puerto De Alvarado,mariscos,27,18.461948,-97.391178,https://mitehuacan.mx/?ruta=41
3,Pescaderia Puerto De Alvarado,mariscos,27,18.461948,-97.391178,https://mitehuacan.mx/?ruta=41
3,Restaurante De Pescados Y Mariscos El Puerto Piloto,mariscos,27,18.461948,-97.391178,https://mitehuacan.mx/?ruta=41
3,Marisqueria La Marea,mariscos,39,18.465519,-97.386941,https://mitehuacan.mx/?ruta=41
3,Tienda De Accesorios Para Mascotas El Canario De Oro,mascotas,1,18.463115,-97.389438,https://mitehuacan.mx/?ruta=41
3,Nutrimentos Purina,mascotas,2,18.462219,-97.389458,https://mitehuacan.mx/?ruta=41
3,Tienda Para Mascotas El Canario De Oro,mascotas,2,18.461631,-97.389464,https://mitehuacan.mx/?ruta=41
3,Veterinaria Sin Nombre,mascotas,2,18.459576,-97.389484,https://mitehuacan.mx/?ruta=41
3,Acuario Fish Paradise,mascotas,4,18.457302,-97.391484,https://mitehuacan.mx/?ruta=41
3,Plasticos Erandi,mascotas,5,18.458017,-97.391472,https://mitehuacan.mx/?ruta=41
3,Venta De Articulos Para Mascotas Oh My Can,mascotas,7,18.466173,-97.391436,https://mitehuacan.mx/?ruta=41
3,Tienda De Accesorios Para Mascota Tu Amigo Fiel Th,mascotas,14,18.458415,-97.389407,https://mitehuacan.mx/?ruta=41
3,Venta De Accesorios Y Estetica Canina Terra Rep,mascotas,24,18.467114,-97.391426,https://mitehuacan.mx/?ruta=41
3,Tienda De Articulos Para Mascota El Canario De Oro,mascotas,27,18.461948,-97.391178,https://mitehuacan.mx/?ruta=41
3,Accesorios Togo,mascotas,30,18.45551,-97.389887,https://mitehuacan.mx/?ruta=41
3,Venta De Accesorios Para Mascotas Spa Y Pet Shop Mascotiland,mascotas,38,18.458769,-97.391143,https://mitehuacan.mx/?ruta=41
3,Acuario Dragon Negro,mascotas,56,18.454811,-97.387319,https://mitehuacan.mx/?ruta=41
3,Veterinaria Trujillo,mascotas,57,18.455947,-97.392078,https://mitehuacan.mx/?ruta=41
3,Veterinaria El Faisan,mascotas,69,18.454908,-97.387239,https://mitehuacan.mx/?ruta=41
3,Compra Venta De Alimentos Y Accesorios Para Aves El Piolin,mascotas,73,18.457807,-97.390242,https://mitehuacan.mx/?ruta=41
3,Tienda De Accesorios Para Mascotas Sin Nombre,mascotas,78,18.459597,-97.390751,https://mitehuacan.mx/?ruta=41
3,Consultorio Veterinario Sin Nombre,mascotas,93,18.455471,-97.392431,https://mitehuacan.mx/?ruta=41
3,Acuario Agua Vida,mascotas,107,18.462782,-97.388427,https://mitehuacan.mx/?ruta=41
3,Envases Y Tapas De Plastico Jisan,mayoreo,1,18.466884,-97.390984,https://mitehuacan.mx/?ruta=41
3,Sinergia Materiales Publicitarios,mayoreo,1,18.466878,-97.390832,https://mitehuacan.mx/?ruta=41
3,Venta De Materiales Para La Construccion Mafin,mayoreo,2,18.427249,-97.374774,https://mitehuacan.mx/?ruta=41
3,Distribuciones Diana De Puebla Envases De Plastico,mayoreo,3,18.45447,-97.390235,https://mitehuacan.mx/?ruta=41
3,Materiales Juquilita,mayoreo,3,18.44264,-97.380657,https://mitehuacan.mx/?ruta=41
3,Suministros Graficos De Tehuacan,mayoreo,3,18.465848,-97.389387,https://mitehuacan.mx/?ruta=41
3,Compra De Desperdicio Social,mayoreo,4,18.464894,-97.389011,https://mitehuacan.mx/?ruta=41
3,Reciclado Del Centro,mayoreo,4,18.447096,-97.382552,https://mitehuacan.mx/?ruta=41
3,Compra Y Venta De Fierro Viejo Recyclo,mayoreo,5,18.446064,-97.381911,https://mitehuacan.mx/?ruta=41
3,Materiales Para Construccion Y Acabados Mafym,mayoreo,5,18.445852,-97.381784,https://mitehuacan.mx/?ruta=41
3,Tortilladoras Celorio De Tehuacan,mayoreo,5,18.450816,-97.384775,https://mitehuacan.mx/?ruta=41
3,Bodega Sin Nombre,mayoreo,6,18.440394,-97.374599,https://mitehuacan.mx/?ruta=41
3,Compra De Materiales Reciclados Sin Nombre,mayoreo,6,18.448645,-97.383379,https://mitehuacan.mx/?ruta=41
3,Venta De Marcos De Madera Marcos Tehuacan,mayoreo,6,18.458681,-97.39145,https://mitehuacan.mx/?ruta=41
3,Epocsy Art Mexico,mayoreo,7,18.454366,-97.389745,https://mitehuacan.mx/?ruta=41
3,Grupo Conpremex,mayoreo,7,18.449836,-97.384037,https://mitehuacan.mx/?ruta=41
3,Pinturas Doal 3 Norte,mayoreo,7,18.466164,-97.391436,https://mitehuacan.mx/?ruta=41
3,Venta De Lonas Sanmi,mayoreo,7,18.457097,-97.391594,https://mitehuacan.mx/?ruta=41
3,Abastecedora Electrica Sin Nombre,mayoreo,9,18.458779,-97.391418,https://mitehuacan.mx/?ruta=41
3,Materiales Para Construccion Y Acabados Mafym,mayoreo,11,18.443167,-97.380722,https://mitehuacan.mx/?ruta=41
3,Venta De Focos Y Luminaria Distribuciones Jorrta,mayoreo,12,18.462659,-97.389321,https://mitehuacan.mx/?ruta=41
3,Poliformas Plasticas,mayoreo,14,18.454835,-97.387846,https://mitehuacan.mx/?ruta=41
3,Aquatek Sistemas,mayoreo,15,18.464738,-97.384623,https://mitehuacan.mx/?ruta=41
3,Comercio De Accesorios De Computo Soluciones Tecnologicas Gm,mayoreo,15,18.457809,-97.389412,https://mitehuacan.mx/?ruta=41
3,Madereria Las Torres,mayoreo,20,18.449165,-97.38397,https://mitehuacan.mx/?ruta=41
3,Tienda De Tintas Para Imprenta Tinta Y Color Para Las Artes ,mayoreo,20,18.465694,-97.389389,https://mitehuacan.mx/?ruta=41
3,Compra Venta De Fierro Viejo,mayoreo,23,18.421998,-97.374783,https://mitehuacan.mx/?ruta=41
3,Ferretera Arriaga,mayoreo,31,18.462923,-97.389143,https://mitehuacan.mx/?ruta=41
3,Venta De Articulos De Seguridad Industrial Edi Max Extintore,mayoreo,35,18.457023,-97.391193,https://mitehuacan.mx/?ruta=41
3,Compra Venta De Chatarra Coaceros De Tehuacan,mayoreo,39,18.441274,-97.376671,https://mitehuacan.mx/?ruta=41
3,Bodega De Musical Sinfonia,mayoreo,43,18.460078,-97.389897,https://mitehuacan.mx/?ruta=41
3,Barnices Otto,mayoreo,44,18.458608,-97.389118,https://mitehuacan.mx/?ruta=41
3,Refrigeracion Basculas Y Equipos Comerciales,mayoreo,45,18.458692,-97.391933,https://mitehuacan.mx/?ruta=41
3,Quality Copier,mayoreo,49,18.464932,-97.390926,https://mitehuacan.mx/?ruta=41
3,Madereria Maderas Exoticas Katalox,mayoreo,57,18.464282,-97.387032,https://mitehuacan.mx/?ruta=41
3,Tienda De Refacciones Agromaq Del Sur,mayoreo,66,18.458796,-97.392129,https://mitehuacan.mx/?ruta=41
3,Recicladora De Aceros Y Metales Un Mundo Mejor,mayoreo,76,18.455425,-97.390326,https://mitehuacan.mx/?ruta=41
3,Refacciones Especializadas,mayoreo,79,18.460935,-97.392209,https://mitehuacan.mx/?ruta=41
3,Carnemart,mayoreo,81,18.458694,-97.388762,https://mitehuacan.mx/?ruta=41
3,Sala De Exhibicion De Circulo B,mayoreo,81,18.462859,-97.390654,https://mitehuacan.mx/?ruta=41
3,Electronica Vega,mayoreo,87,18.457422,-97.390392,https://mitehuacan.mx/?ruta=41
3,Almacen Socorro Romero Sanchez,mayoreo,106,18.466829,-97.38753,https://mitehuacan.mx/?ruta=41
3,Mecatronica Inv Inc,mayoreo,128,18.468002,-97.38936,https://mitehuacan.mx/?ruta=41
3,Avicola Tehuacan,mayoreo,129,18.467037,-97.386979,https://mitehuacan.mx/?ruta=41
3,Plastika,mayoreo,129,18.457049,-97.392746,https://mitehuacan.mx/?ruta=41
3,Venta De Huevo Gallina Sin Nombre,mayoreo,145,18.446367,-97.383768,https://mitehuacan.mx/?ruta=41
3,Mercado 16 de Marzo,mercado,40,18.461411,-97.391067,https://mitehuacan.mx/?ruta=41
3,Boneteria La Teresita,mercería,6,18.461621,-97.391501,https://mitehuacan.mx/?ruta=41
3,El Globito,mercería,6,18.458382,-97.391574,https://mitehuacan.mx/?ruta=41
3,Tienda De Estambres Juguetes Y Revistas Sin Nombre,mercería,6,18.46154,-97.391503,https://mitehuacan.mx/?ruta=41
3,Entre Costuras Merceria,mercería,7,18.458509,-97.391574,https://mitehuacan.mx/?ruta=41
3,Estambres El Gato,mercería,7,18.46278,-97.39149,https://mitehuacan.mx/?ruta=41
3,Herbolaria Y Cosmetica Artesanal,mercería,9,18.466979,-97.390952,https://mitehuacan.mx/?ruta=41
3,El Globito,mercería,16,18.463771,-97.389291,https://mitehuacan.mx/?ruta=41
3,Venta De Boneteria Sin Nombre,mercería,19,18.461951,-97.391254,https://mitehuacan.mx/?ruta=41
3,Merceria Y Jugueteria El Leon,mercería,20,18.460817,-97.391645,https://mitehuacan.mx/?ruta=41
3,Tienda De Merceria Y Ropa De Bebe Sin Nombre,mercería,27,18.461948,-97.391178,https://mitehuacan.mx/?ruta=41
3,Hilos Y Cordeles San Pablo,mercería,29,18.458673,-97.391232,https://mitehuacan.mx/?ruta=41
3,Estambres El Patito,mercería,78,18.459416,-97.390752,https://mitehuacan.mx/?ruta=41
3,Moto Garage,motos,3,18.443629,-97.381033,https://mitehuacan.mx/?ruta=41
3,Taller De Motos Sin Nombre,motos,3,18.46481,-97.386462,https://mitehuacan.mx/?ruta=41
3,Dinamo Sucursal Tehuacan Puebla,motos,4,18.464359,-97.3894,https://mitehuacan.mx/?ruta=41
3,Motocicletas Dinamo Taller,motos,4,18.464878,-97.388603,https://mitehuacan.mx/?ruta=41
3,Tienda De Accesorios Para Motoslux,motos,4,18.446934,-97.382466,https://mitehuacan.mx/?ruta=41
3,Centro De Servicios Italika,motos,5,18.442073,-97.380467,https://mitehuacan.mx/?ruta=41
3,Motorefacciones Avila,motos,5,18.44942,-97.383855,https://mitehuacan.mx/?ruta=41
3,Taller De Reparacion De Motocicletas Sin Nombre,motos,5,18.428563,-97.375131,https://mitehuacan.mx/?ruta=41
3,Aeva Motos,motos,8,18.454371,-97.390324,https://mitehuacan.mx/?ruta=41
3,Moto Refacciones Alex,motos,9,18.427656,-97.374792,https://mitehuacan.mx/?ruta=41
3,Reparacion De Motocicletas Sin Nombre,motos,10,18.419526,-97.373574,https://mitehuacan.mx/?ruta=41
3,Servicio De Motos Ramirez,motos,10,18.45382,-97.387055,https://mitehuacan.mx/?ruta=41
3,Taller De Motos Sin Nombre,motos,17,18.455418,-97.389767,https://mitehuacan.mx/?ruta=41
3,Distribuidora Italika,motos,48,18.466912,-97.391818,https://mitehuacan.mx/?ruta=41
3,Reparacion De Motos Gaude,motos,56,18.419643,-97.376177,https://mitehuacan.mx/?ruta=41
3,The Doctor Hrc,motos,73,18.429487,-97.373397,https://mitehuacan.mx/?ruta=41
3,Tienda De Refacciones Y Accesorios Para Motos De Los Angeles,motos,98,18.459314,-97.392418,https://mitehuacan.mx/?ruta=41
3,Moto Servicio Dunlop,motos,107,18.466844,-97.388404,https://mitehuacan.mx/?ruta=41
3,Taller De Motos Juquila,motos,136,18.449219,-97.385347,https://mitehuacan.mx/?ruta=41
3,Helados Bambi,nieves,16,18.457546,-97.389414,https://mitehuacan.mx/?ruta=41
3,Paleteria Y Neveria La Michoacana,nieves,22,18.456583,-97.389378,https://mitehuacan.mx/?ruta=41
3,Neveria Y Heladeria La Michoacana,nieves,31,18.457543,-97.391232,https://mitehuacan.mx/?ruta=41
3,Paleteria Y Neveria Auritzjes,nieves,33,18.415182,-97.368617,https://mitehuacan.mx/?ruta=41
3,Paleteria La Flor De Michoacan,nieves,57,18.464279,-97.386956,https://mitehuacan.mx/?ruta=41
3,Papeleria Y Neveria La Michoacana,nieves,70,18.46244,-97.390763,https://mitehuacan.mx/?ruta=41
3,Choco Paletas,nieves,83,18.461061,-97.390667,https://mitehuacan.mx/?ruta=41
3,Paleteria La Michoacana,nieves,88,18.462857,-97.390588,https://mitehuacan.mx/?ruta=41
3,La flor del desierto,nieves,94,18.458158,-97.392406,https://mitehuacan.mx/?ruta=41
3,Auxiliar De La Notaria Numero 2,notaría,116,18.460206,-97.392575,https://mitehuacan.mx/?ruta=41
3,Contratos Mercantiles Corredor Publico Numero 3,notaría,116,18.460215,-97.392575,https://mitehuacan.mx/?ruta=41
3,Correduria Publica Numero 5,notaría,116,18.460206,-97.392575,https://mitehuacan.mx/?ruta=41
3,Notaria Publica Numero 2,notaría,116,18.460206,-97.392575,https://mitehuacan.mx/?ruta=41
3,Scm Operaciones Pba,paquetería,2,18.466866,-97.390551,https://mitehuacan.mx/?ruta=41
3,Sin Esperar Servicio De Reparto,paquetería,52,18.458694,-97.392,https://mitehuacan.mx/?ruta=41
3,Fedex,paquetería,131,18.459007,-97.38828,https://mitehuacan.mx/?ruta=41
3,Parque Nicolás Bravo,parque,47,18.455953,-97.390042,https://mitehuacan.mx/?ruta=41
3,Parque Juárez,parque,128,18.462417,-97.392642,https://mitehuacan.mx/?ruta=41
3,Venta De Cosmeticos Y Accesorios,perfumería,1,18.460278,-97.389477,https://mitehuacan.mx/?ruta=41
3,Tienda De Perfumes Y Esencias Inspiracion,perfumería,2,18.462717,-97.389454,https://mitehuacan.mx/?ruta=41
3,Compra Venta De Maquillaje Y Accesorios,perfumería,4,18.463319,-97.391369,https://mitehuacan.mx/?ruta=41
3,Distribuidora Jafra,perfumería,4,18.463319,-97.391369,https://mitehuacan.mx/?ruta=41
3,Perfumes Bravos,perfumería,6,18.465313,-97.391444,https://mitehuacan.mx/?ruta=41
3,Perfumes Y Esencias Hans Collection,perfumería,6,18.458183,-97.391574,https://mitehuacan.mx/?ruta=41
3,Tienda De Perfumes Fragance,perfumería,7,18.459848,-97.391547,https://mitehuacan.mx/?ruta=41
3,Novedades Karina,perfumería,11,18.461799,-97.389342,https://mitehuacan.mx/?ruta=41
3,Oficina De Jafra,perfumería,11,18.461311,-97.389346,https://mitehuacan.mx/?ruta=41
3,Venta De Cosmeticos Despacho 8 Sin Nombre,perfumería,11,18.461293,-97.389346,https://mitehuacan.mx/?ruta=41
3,Distribuidora De Tintes Kulver,perfumería,12,18.459924,-97.389378,https://mitehuacan.mx/?ruta=41
3,Venta De Cosmeticos Magic Glam,perfumería,17,18.458677,-97.391345,https://mitehuacan.mx/?ruta=41
3,Tienda De Articulos De Belleza Bissu,perfumería,22,18.462067,-97.391222,https://mitehuacan.mx/?ruta=41
3,Compra Venta De Productos De Belleza Y Barberias Distribuido,perfumería,28,18.458623,-97.389801,https://mitehuacan.mx/?ruta=41
3,Nails Cosmetics Tehuacan,perfumería,28,18.46491,-97.389703,https://mitehuacan.mx/?ruta=41
3,F160 Puebla 22. Tehuacan Puebla Fraiche,perfumería,30,18.46082,-97.39174,https://mitehuacan.mx/?ruta=41
3,Oficina De Mary Kay,perfumería,33,18.465753,-97.391695,https://mitehuacan.mx/?ruta=41
3,Venta De Accesorios Para Uñas Y Cosmeticos Georgia,perfumería,53,18.461555,-97.388943,https://mitehuacan.mx/?ruta=41
3,Tienda De Productos De Belleza Kaprich,perfumería,58,18.462051,-97.390881,https://mitehuacan.mx/?ruta=41
3,Tienda De Articulos De Belleza Karina,perfumería,67,18.461929,-97.390799,https://mitehuacan.mx/?ruta=41
3,Tienda De Cosmeticos Mi Central De Mayoreo,perfumería,69,18.462631,-97.390767,https://mitehuacan.mx/?ruta=41
3,Articulos Para Velleza Estilos,perfumería,81,18.462859,-97.390654,https://mitehuacan.mx/?ruta=41
3,Bodega De Articulos De Belleza Circulo B,perfumería,81,18.462859,-97.390654,https://mitehuacan.mx/?ruta=41
3,Tienda De Articulos De Belleza Circulo B,perfumería,81,18.462859,-97.390654,https://mitehuacan.mx/?ruta=41
3,Cosmeticos Accesorios Y Algo Mas Buva,perfumería,82,18.461686,-97.390664,https://mitehuacan.mx/?ruta=41
3,Venta De Material Para Uñas Sin Nombre,perfumería,86,18.465883,-97.39023,https://mitehuacan.mx/?ruta=41
3,Bodega De Articulos De Belleza Kaprich,perfumería,89,18.461501,-97.390292,https://mitehuacan.mx/?ruta=41
3,Bodega De Articulos Para Belleza Kaprich,perfumería,89,18.461501,-97.390292,https://mitehuacan.mx/?ruta=41
3,Bodega De Kaprich,perfumería,89,18.461501,-97.390292,https://mitehuacan.mx/?ruta=41
3,Productos De Belleza Sin Nombre,perfumería,89,18.461501,-97.390292,https://mitehuacan.mx/?ruta=41
3,Centro De Distribucion Zermat,perfumería,126,18.461294,-97.392644,https://mitehuacan.mx/?ruta=41
3,Tienda De Maquillaje Sin Nombre,perfumería,132,18.455812,-97.387202,https://mitehuacan.mx/?ruta=41
3,Tienda De Chacharas Sin Nombre,perfumería,133,18.463594,-97.387062,https://mitehuacan.mx/?ruta=41
3,Plaza Kristal Tehuacán,plaza,90,18.462826,-97.390568,https://mitehuacan.mx/?ruta=41
3,Polleria El Pollo Gordo,pollería,1,18.453293,-97.386859,https://mitehuacan.mx/?ruta=41
3,Distribuidora Avicola Caballero,pollería,2,18.458547,-97.38952,https://mitehuacan.mx/?ruta=41
3,Distribuidora De Pollo Y Huevo San Antonio,pollería,4,18.457115,-97.389529,https://mitehuacan.mx/?ruta=41
3,Polleria La Paz,pollería,4,18.464418,-97.389399,https://mitehuacan.mx/?ruta=41
3,Polleria Sagat,pollería,4,18.46621,-97.389384,https://mitehuacan.mx/?ruta=41
3,Polleria Y Verduleria Sin Nombre,pollería,6,18.449236,-97.383727,https://mitehuacan.mx/?ruta=41
3,Polleria San Miguel,pollería,7,18.428096,-97.374956,https://mitehuacan.mx/?ruta=41
3,Venta De Pollo Sin Nombre,pollería,15,18.424045,-97.371883,https://mitehuacan.mx/?ruta=41
3,Venta De Pollo Sin Nombre,pollería,20,18.43066,-97.372922,https://mitehuacan.mx/?ruta=41
3,Polleria Bezaleel,pollería,23,18.457455,-97.391738,https://mitehuacan.mx/?ruta=41
3,Polleria Abi,pollería,27,18.461948,-97.391178,https://mitehuacan.mx/?ruta=41
3,Polleria Adris,pollería,27,18.461948,-97.391178,https://mitehuacan.mx/?ruta=41
3,Polleria Alex,pollería,27,18.461948,-97.391178,https://mitehuacan.mx/?ruta=41
3,Polleria Anita,pollería,27,18.461948,-97.391178,https://mitehuacan.mx/?ruta=41
3,Polleria Conchita,pollería,27,18.461948,-97.391178,https://mitehuacan.mx/?ruta=41
3,Polleria Don Pollo,pollería,27,18.461948,-97.391178,https://mitehuacan.mx/?ruta=41
3,Polleria El Pilar,pollería,27,18.461948,-97.391178,https://mitehuacan.mx/?ruta=41
3,Polleria El Pollo Feliz,pollería,27,18.461948,-97.391178,https://mitehuacan.mx/?ruta=41
3,Polleria El Rosario,pollería,27,18.461948,-97.391178,https://mitehuacan.mx/?ruta=41
3,Polleria El Tete,pollería,27,18.461948,-97.391178,https://mitehuacan.mx/?ruta=41
3,Polleria Juquilita,pollería,27,18.461948,-97.391178,https://mitehuacan.mx/?ruta=41
3,Polleria Karla,pollería,27,18.461948,-97.391178,https://mitehuacan.mx/?ruta=41
3,Polleria Lucy,pollería,27,18.461948,-97.391178,https://mitehuacan.mx/?ruta=41
3,Polleria Lupita,pollería,27,18.461948,-97.391178,https://mitehuacan.mx/?ruta=41
3,Polleria Maru,pollería,27,18.461948,-97.391178,https://mitehuacan.mx/?ruta=41
3,Polleria Oralia,pollería,27,18.461948,-97.391178,https://mitehuacan.mx/?ruta=41
3,Polleria Pollo Travieso,pollería,27,18.461948,-97.391178,https://mitehuacan.mx/?ruta=41
3,Polleria Teresita,pollería,27,18.461948,-97.391178,https://mitehuacan.mx/?ruta=41
3,Polleria Magui,pollería,30,18.425064,-97.371963,https://mitehuacan.mx/?ruta=41
3,Polleria Lupita,pollería,34,18.416182,-97.368452,https://mitehuacan.mx/?ruta=41
3,Polleria Crudi Pollo,pollería,41,18.462954,-97.389826,https://mitehuacan.mx/?ruta=41
3,Polleria Rosario,pollería,58,18.465328,-97.384139,https://mitehuacan.mx/?ruta=41
3,Polleria Gacs,pollería,61,18.446227,-97.381394,https://mitehuacan.mx/?ruta=41
3,Polleria Sin Nombre,pollería,63,18.430204,-97.372063,https://mitehuacan.mx/?ruta=41
3,Venta De Pollo Por Piezas Rous,pollería,73,18.446173,-97.382896,https://mitehuacan.mx/?ruta=41
3,Compra Venta De Pollo Fresco,pollería,77,18.465962,-97.390645,https://mitehuacan.mx/?ruta=41
3,Venta De Pollo Gold Chicken,pollería,85,18.467672,-97.391317,https://mitehuacan.mx/?ruta=41
3,Polleria Armandos,pollería,90,18.447612,-97.381832,https://mitehuacan.mx/?ruta=41
3,Polleria Imelda,pollería,93,18.455361,-97.390486,https://mitehuacan.mx/?ruta=41
3,Polleria Kari,pollería,95,18.453327,-97.387997,https://mitehuacan.mx/?ruta=41
3,Polleria Diamante,pollería,107,18.420611,-97.374455,https://mitehuacan.mx/?ruta=41
3,Polleria El Cotorrito,pollería,111,18.428155,-97.373956,https://mitehuacan.mx/?ruta=41
3,Venta De Pollo Fresco Sin Nombre,pollería,121,18.460825,-97.388323,https://mitehuacan.mx/?ruta=41
3,Venta De Pollo Fresco Sin Nombre,pollería,138,18.460819,-97.388162,https://mitehuacan.mx/?ruta=41
3,Polleria La Paz,pollería,142,18.450288,-97.382765,https://mitehuacan.mx/?ruta=41
3,Polleria Sarita,pollería,143,18.448206,-97.381583,https://mitehuacan.mx/?ruta=41
3,Publicidad Creactiva,publicidad,1,18.445959,-97.381988,https://mitehuacan.mx/?ruta=41
3,Ok Publicidad,publicidad,122,18.464878,-97.39255,https://mitehuacan.mx/?ruta=41
3,Deposito De Agua Sin Nombre,purificadora,1,18.465873,-97.38579,https://mitehuacan.mx/?ruta=41
3,Tienda De Abarrotes Andrea,purificadora,4,18.462669,-97.391381,https://mitehuacan.mx/?ruta=41
3,Miscelanea Michelita Express,purificadora,5,18.450508,-97.384658,https://mitehuacan.mx/?ruta=41
3,Venta De Dulces Sin Nombre,purificadora,11,18.461256,-97.389345,https://mitehuacan.mx/?ruta=41
3,Bodega De Refresco Sin Nombre,purificadora,27,18.461948,-97.391178,https://mitehuacan.mx/?ruta=41
3,Distribuidora De Agua Sani,purificadora,50,18.454962,-97.389584,https://mitehuacan.mx/?ruta=41
3,Venta Refrescos Sin Nombre,purificadora,54,18.461575,-97.388942,https://mitehuacan.mx/?ruta=41
3,Tienda Edith,purificadora,63,18.424232,-97.373415,https://mitehuacan.mx/?ruta=41
3,Compra Venta De Jugos Refrescos Y Dulces Ponce,purificadora,80,18.462968,-97.390195,https://mitehuacan.mx/?ruta=41
3,Venta De Agua De Garrafon Y Refrescos Sin Nombre,purificadora,92,18.463978,-97.38778,https://mitehuacan.mx/?ruta=41
3,Tienda De Refrescos La China,purificadora,103,18.463055,-97.390421,https://mitehuacan.mx/?ruta=41
3,Tienda De Regalos Sin Nonbre,regalos,0,18.429395,-97.374785,https://mitehuacan.mx/?ruta=41
3,Novedades Alis,regalos,2,18.462011,-97.38946,https://mitehuacan.mx/?ruta=41
3,Novedades Bodega De Mayoreo,regalos,2,18.461658,-97.389463,https://mitehuacan.mx/?ruta=41
3,Novedades Sin Nombre,regalos,2,18.461396,-97.389466,https://mitehuacan.mx/?ruta=41
3,Venta De Novedades Relojeria Cano,regalos,2,18.461731,-97.389463,https://mitehuacan.mx/?ruta=41
3,Compra De Articulos Para Fiestas Party Sofi,regalos,3,18.463724,-97.389418,https://mitehuacan.mx/?ruta=41
3,Compra Venta De Articulos Para Fiestas Divertiglobo,regalos,3,18.457731,-97.389527,https://mitehuacan.mx/?ruta=41
3,Fastacias Y Regalos Anime History,regalos,4,18.458744,-97.389497,https://mitehuacan.mx/?ruta=41
3,Tienda De Accesorios Lovely,regalos,4,18.464867,-97.388338,https://mitehuacan.mx/?ruta=41
3,Tienda De Regalos Ortenzia,regalos,4,18.463319,-97.391369,https://mitehuacan.mx/?ruta=41
3,Venta De Novedades Sin Nombre,regalos,4,18.458651,-97.39147,https://mitehuacan.mx/?ruta=41
3,Novedades Sin Nombre,regalos,5,18.414314,-97.369268,https://mitehuacan.mx/?ruta=41
3,Venta De Peluches Y Novedades Maggy,regalos,5,18.462269,-97.391382,https://mitehuacan.mx/?ruta=41
3,Regalos Aladino,regalos,6,18.461386,-97.391507,https://mitehuacan.mx/?ruta=41
3,Tienda De Novedades Tehuacan,regalos,7,18.460029,-97.391545,https://mitehuacan.mx/?ruta=41
3,Tienda De Novedades,regalos,8,18.456844,-97.3916,https://mitehuacan.mx/?ruta=41
3,Regalo Magico Tehuacan,regalos,11,18.461274,-97.389346,https://mitehuacan.mx/?ruta=41
3,Novedades Valeria,regalos,12,18.460116,-97.389376,https://mitehuacan.mx/?ruta=41
3,Venta De Accesorios Varios Centro Mayorista,regalos,12,18.46265,-97.389321,https://mitehuacan.mx/?ruta=41
3,Venta De Juguetes Regalos Y Articulos De Toda Temporada Sono,regalos,12,18.46122,-97.389344,https://mitehuacan.mx/?ruta=41
3,Gran Plaza Comercial Los Barateros,regalos,13,18.45957,-97.389382,https://mitehuacan.mx/?ruta=41
3,Novedades Angel,regalos,14,18.458849,-97.389391,https://mitehuacan.mx/?ruta=41
3,Venta De Articulos De Temporada Sin Nombre,regalos,15,18.458759,-97.389392,https://mitehuacan.mx/?ruta=41
3,Tienda De Articulos Para Fiesta Deseo Globos,regalos,17,18.464908,-97.389599,https://mitehuacan.mx/?ruta=41
3,Bodega De Novedades Yani,regalos,19,18.460808,-97.391283,https://mitehuacan.mx/?ruta=41
3,Tienda De Regalos Kenval,regalos,19,18.460808,-97.391283,https://mitehuacan.mx/?ruta=41
3,Bazar Y Novedades,regalos,26,18.452072,-97.386265,https://mitehuacan.mx/?ruta=41
3,Tienda De Novedades Sin Nombre,regalos,26,18.460806,-97.391217,https://mitehuacan.mx/?ruta=41
3,Novedades Sin Nombre,regalos,27,18.461948,-97.391178,https://mitehuacan.mx/?ruta=41
3,Novedades Y Articulos De Temporada Sin Nombre,regalos,27,18.461948,-97.391178,https://mitehuacan.mx/?ruta=41
3,Regalos Coral,regalos,28,18.430455,-97.37159,https://mitehuacan.mx/?ruta=41
3,Regalos De Corazon,regalos,28,18.457455,-97.391785,https://mitehuacan.mx/?ruta=41
3,Tienda De Regalos Aldos,regalos,29,18.449239,-97.383312,https://mitehuacan.mx/?ruta=41
3,Venta De Articulos De Temporada Sin Nombre,regalos,31,18.461558,-97.389152,https://mitehuacan.mx/?ruta=41
3,Chacharas Y Novedades,regalos,32,18.460912,-97.391156,https://mitehuacan.mx/?ruta=41
3,Venta De Accesorios Electronicos Importaciones Marin,regalos,33,18.458733,-97.389845,https://mitehuacan.mx/?ruta=41
3,Tienda De Regalos Y Novedades Alix Fashion,regalos,40,18.458768,-97.391124,https://mitehuacan.mx/?ruta=41
3,Gran Plaza Comercial Los Barateros,regalos,43,18.458628,-97.389943,https://mitehuacan.mx/?ruta=41
3,Variedades El Chopon,regalos,44,18.430306,-97.370543,https://mitehuacan.mx/?ruta=41
3,Novedades Key,regalos,47,18.458666,-97.391061,https://mitehuacan.mx/?ruta=41
3,Tienda De Novedades Coquette,regalos,50,18.458765,-97.391029,https://mitehuacan.mx/?ruta=41
3,Novedades Rossinova,regalos,52,18.458694,-97.392,https://mitehuacan.mx/?ruta=41
3,Novedades Yanni,regalos,52,18.460799,-97.39097,https://mitehuacan.mx/?ruta=41
3,Centro Comercial Los Barateros,regalos,55,18.458631,-97.390057,https://mitehuacan.mx/?ruta=41
3,Tienda De Globos Globimagic,regalos,58,18.464834,-97.38999,https://mitehuacan.mx/?ruta=41
3,La Casita,regalos,61,18.465881,-97.390799,https://mitehuacan.mx/?ruta=41
3,Tienda De Juguetes Toys Selectos,regalos,65,18.462863,-97.390806,https://mitehuacan.mx/?ruta=41
3,Tienda De Regalos Sin Nombre,regalos,69,18.462667,-97.390769,https://mitehuacan.mx/?ruta=41
3,Novedades Bolaños,regalos,74,18.462843,-97.390143,https://mitehuacan.mx/?ruta=41
3,Novedades,regalos,78,18.45742,-97.390306,https://mitehuacan.mx/?ruta=41
3,Gpekas,regalos,79,18.460935,-97.392209,https://mitehuacan.mx/?ruta=41
3,Bonetria Y Novedades My Pink House,regalos,80,18.460745,-97.388706,https://mitehuacan.mx/?ruta=41
3,Almacen De Central De Mayoreo,regalos,81,18.462859,-97.390654,https://mitehuacan.mx/?ruta=41
3,Electronica Y Novedades Memin,regalos,83,18.461586,-97.390659,https://mitehuacan.mx/?ruta=41
3,Articulos Y Novedades Vero,regalos,85,18.460346,-97.390664,https://mitehuacan.mx/?ruta=41
3,Jugueteria Y Novedades Angelito,regalos,85,18.460527,-97.390664,https://mitehuacan.mx/?ruta=41
3,Tienda De Novedades Sin Nombre,regalos,85,18.458799,-97.392309,https://mitehuacan.mx/?ruta=41
3,Jugueteria Smiles,regalos,86,18.459975,-97.390664,https://mitehuacan.mx/?ruta=41
3,Novedades Sin Nombre,regalos,86,18.459676,-97.390666,https://mitehuacan.mx/?ruta=41
3,Novedades Angelito,regalos,87,18.459214,-97.390668,https://mitehuacan.mx/?ruta=41
3,Novedades Cristi,regalos,87,18.446118,-97.381056,https://mitehuacan.mx/?ruta=41
3,Bodega De Tienda De Novedades Y Accesorios Buva,regalos,89,18.461501,-97.390292,https://mitehuacan.mx/?ruta=41
3,Tienda De Accesorios Buva Mayoristas,regalos,89,18.461501,-97.390292,https://mitehuacan.mx/?ruta=41
3,Novedades Alexandra,regalos,90,18.460839,-97.392307,https://mitehuacan.mx/?ruta=41
3,Tienda De Novedades Bellisima,regalos,91,18.448749,-97.384498,https://mitehuacan.mx/?ruta=41
3,Venta De Regalos Y Farmacia,regalos,92,18.429965,-97.375681,https://mitehuacan.mx/?ruta=41
3,Novedades Sin Nombre,regalos,93,18.455696,-97.39048,https://mitehuacan.mx/?ruta=41
3,Novedades Make Up Store,regalos,95,18.461582,-97.390346,https://mitehuacan.mx/?ruta=41
3,Novedades Y Regalos Sin Nombre,regalos,98,18.457757,-97.392448,https://mitehuacan.mx/?ruta=41
3,Novedades Miguelin,regalos,99,18.462784,-97.388503,https://mitehuacan.mx/?ruta=41
3,Tienda De Regalos Party Mix,regalos,99,18.462974,-97.390375,https://mitehuacan.mx/?ruta=41
3,Venta De Novedades Y Moda Sin Nombre,regalos,99,18.459622,-97.392428,https://mitehuacan.mx/?ruta=41
3,Novedades Mundo De Felicidad,regalos,100,18.453505,-97.388708,https://mitehuacan.mx/?ruta=41
3,Novedades Aloha,regalos,102,18.448405,-97.384401,https://mitehuacan.mx/?ruta=41
3,Distribuidora Lalo,regalos,103,18.461584,-97.39047,https://mitehuacan.mx/?ruta=41
3,Regalos Y Novedades Para Ti Susana,regalos,103,18.446313,-97.38329,https://mitehuacan.mx/?ruta=41
3,Tienda De Accesorios H Y G,regalos,104,18.460492,-97.392456,https://mitehuacan.mx/?ruta=41
3,Venta De Novedades Sin Nombre,regalos,109,18.45348,-97.39098,https://mitehuacan.mx/?ruta=41
3,Tienda De Gatos Arigato,regalos,113,18.45968,-97.392555,https://mitehuacan.mx/?ruta=41
3,Tienda De Regalos Tsunanime,regalos,113,18.459671,-97.392555,https://mitehuacan.mx/?ruta=41
3,Tienda De Regalos Monse,regalos,115,18.460042,-97.392569,https://mitehuacan.mx/?ruta=41
3,Casa Athie,regalos,116,18.461318,-97.392551,https://mitehuacan.mx/?ruta=41
3,Monerias Y Detalles,regalos,116,18.461192,-97.392553,https://mitehuacan.mx/?ruta=41
3,Tienda De Regalos Sin Nombre,regalos,116,18.467893,-97.38936,https://mitehuacan.mx/?ruta=41
3,Compra Venta De Regalos Buenos Dias Amor,regalos,120,18.464878,-97.392531,https://mitehuacan.mx/?ruta=41
3,Novedades Ely,regalos,123,18.45038,-97.383085,https://mitehuacan.mx/?ruta=41
3,Regalos Y Detalles Cocoy,regalos,126,18.461204,-97.392646,https://mitehuacan.mx/?ruta=41
3,Tienda De Regalos Andimy,regalos,126,18.461638,-97.392639,https://mitehuacan.mx/?ruta=41
3,Venta De Regalos Y Novedades Theots,regalos,128,18.458662,-97.392716,https://mitehuacan.mx/?ruta=41
3,Pintura Y Rotulos Sin Nombre,rótulos,9,18.453418,-97.38675,https://mitehuacan.mx/?ruta=41
3,Rotulos Y Dibujos Enrique,rótulos,29,18.464734,-97.384491,https://mitehuacan.mx/?ruta=41
3,Anuncios Expression,rótulos,116,18.457371,-97.388468,https://mitehuacan.mx/?ruta=41
3,Red Nacional Ultima Milla,servicio,0,18.465265,-97.384699,https://mitehuacan.mx/?ruta=41
3,Aprendiendo Juntos Clases Regularizacion,servicio,2,18.454472,-97.390472,https://mitehuacan.mx/?ruta=41
3,Fumigaciones Sin Nombre,servicio,4,18.464815,-97.388843,https://mitehuacan.mx/?ruta=41
3,Oal Bienes Raices,servicio,4,18.463319,-97.391369,https://mitehuacan.mx/?ruta=41
3,Elaboracion De Planos Prourbanismo,servicio,5,18.461735,-97.391394,https://mitehuacan.mx/?ruta=41
3,Sevicios Profesionales Sin Nombre,servicio,5,18.463482,-97.391363,https://mitehuacan.mx/?ruta=41
3,Veterinaria Keiko,servicio,5,18.464721,-97.385108,https://mitehuacan.mx/?ruta=41
3,Laboratorio De Comunicaciones,servicio,7,18.466481,-97.391433,https://mitehuacan.mx/?ruta=41
3,Gestoria Vehicular Tehuacan,servicio,12,18.455502,-97.38838,https://mitehuacan.mx/?ruta=41
3,Caseta Telefonica Globalfom,servicio,13,18.460921,-97.389337,https://mitehuacan.mx/?ruta=41
3,Lectura Del Tarot Osiris,servicio,16,18.462819,-97.389289,https://mitehuacan.mx/?ruta=41
3,Estetica Canina Vets Can,servicio,24,18.456545,-97.391303,https://mitehuacan.mx/?ruta=41
3,Estetica Canina Perrukeria Kamacho,servicio,33,18.45551,-97.389915,https://mitehuacan.mx/?ruta=41
3,Estetica Canina Dogui,servicio,52,18.42805,-97.374509,https://mitehuacan.mx/?ruta=41
3,Oficina Olivier Arquitectos,servicio,57,18.460828,-97.392004,https://mitehuacan.mx/?ruta=41
3,Asesoria A Derecho Habientes Mejoravit,servicio,68,18.464835,-97.390085,https://mitehuacan.mx/?ruta=41
3,Empaque Alva,servicio,75,18.441986,-97.381255,https://mitehuacan.mx/?ruta=41
3,Prestadores De Servicios Sin Nombre,servicio,75,18.456491,-97.392235,https://mitehuacan.mx/?ruta=41
3,Servicios De Mantenimiento Oriente,servicio,77,18.458696,-97.388804,https://mitehuacan.mx/?ruta=41
3,Renta De Inflables Y Rockolas,servicio,80,18.462968,-97.390195,https://mitehuacan.mx/?ruta=41
3,Servicios De Enfermeria Sin Nombre,servicio,91,18.417768,-97.369162,https://mitehuacan.mx/?ruta=41
3,Clases De Ingles Sin Nombre,servicio,96,18.452173,-97.387153,https://mitehuacan.mx/?ruta=41
3,Megacable,servicio,102,18.45692,-97.390542,https://mitehuacan.mx/?ruta=41
3,Servicio De Asesoria De Seguridad E Higiene,servicio,102,18.467766,-97.389361,https://mitehuacan.mx/?ruta=41
3,Despacho Administrativo Sin Nombre,servicio,109,18.46347,-97.392443,https://mitehuacan.mx/?ruta=41
3,Gruas Guadalupe,servicio,113,18.458576,-97.388465,https://mitehuacan.mx/?ruta=41
3,Correos De Mexico Sucursal Tehuacan,servicio,114,18.46198,-97.392513,https://mitehuacan.mx/?ruta=41
3,Servicios De Mantenimiento Oriente Sa De Cv,servicio,114,18.458675,-97.388452,https://mitehuacan.mx/?ruta=41
3,Tehuacán,servicio,117,18.461953,-97.392542,https://mitehuacan.mx/?ruta=41
3,Oficina De Asesoria Alanjo Construcciones,servicio,120,18.464878,-97.392531,https://mitehuacan.mx/?ruta=41
3,Barber Dog Velez,servicio,129,18.455359,-97.39278,https://mitehuacan.mx/?ruta=41
3,Cometra,servicio,129,18.463603,-97.385655,https://mitehuacan.mx/?ruta=41
3,Cometra Servicios Integrales,servicio,129,18.463603,-97.385678,https://mitehuacan.mx/?ruta=41
3,Planchas Y Empaque Fer,servicio,137,18.441913,-97.381864,https://mitehuacan.mx/?ruta=41
3,Psicocreatibity,servicio,146,18.427036,-97.370577,https://mitehuacan.mx/?ruta=41
3,Venta De Cable De Plastico E Hilos,telas,6,18.459124,-97.391557,https://mitehuacan.mx/?ruta=41
3,Venta De Telas Jimenez,telas,6,18.459012,-97.391446,https://mitehuacan.mx/?ruta=41
3,114 Modatelas Tehuacan,telas,7,18.46014,-97.391544,https://mitehuacan.mx/?ruta=41
3,Telas Parisina 2105 Tehuacan,telas,7,18.458685,-97.391576,https://mitehuacan.mx/?ruta=41
3,Telas Parisina 2129 Tehuacan Lopez Mateos,telas,7,18.460111,-97.391544,https://mitehuacan.mx/?ruta=41
3,Telas Mym,telas,128,18.458064,-97.392727,https://mitehuacan.mx/?ruta=41
3,Ruta De Combis Tehuacan Tlaxiaco,terminal,2,18.458247,-97.389523,https://mitehuacan.mx/?ruta=41
3,Base De La Ruta 5,terminal,4,18.428385,-97.375065,https://mitehuacan.mx/?ruta=41
3,Base Ruta 10 Norte Amarilla,terminal,25,18.441145,-97.380369,https://mitehuacan.mx/?ruta=41
3,Union Turistica Cuicateca,terminal,30,18.457543,-97.391239,https://mitehuacan.mx/?ruta=41
3,Base De La Ruta Santa Ana Teloxtoc,terminal,73,18.458184,-97.390239,https://mitehuacan.mx/?ruta=41
3,Transportadora Turistica Yucunitza,terminal,80,18.462968,-97.390195,https://mitehuacan.mx/?ruta=41
3,Zinacatepec-Libram-Tehuacan Zt,terminal,87,18.462976,-97.390594,https://mitehuacan.mx/?ruta=41
3,Ruta La Asuncion Tehuacan Azumbilla,terminal,103,18.463028,-97.390421,https://mitehuacan.mx/?ruta=41
3,Terminal AU Valles,terminal,114,18.459072,-97.388441,https://mitehuacan.mx/?ruta=41
3,Autobuses Tehuacan-Coyomeapam,terminal,120,18.455641,-97.387209,https://mitehuacan.mx/?ruta=41
3,Carniceria Angel,tienda,0,18.465865,-97.385136,https://mitehuacan.mx/?ruta=41
3,Carnitas San Miguel,tienda,0,18.419464,-97.372362,https://mitehuacan.mx/?ruta=41
3,Decoraciones Milla Y Juan,tienda,0,18.460626,-97.389474,https://mitehuacan.mx/?ruta=41
3,Ink Color,tienda,0,18.457394,-97.389567,https://mitehuacan.mx/?ruta=41
3,Panaderia Jose Gumaro Pastelin,tienda,0,18.465875,-97.389387,https://mitehuacan.mx/?ruta=41
3,Panaderia Sthephanie,tienda,0,18.456454,-97.389589,https://mitehuacan.mx/?ruta=41
3,Tienda De Impermeabilizantes Impertec,tienda,0,18.463043,-97.38944,https://mitehuacan.mx/?ruta=41
3,Bazar De Ropa Sin Nombre,tienda,1,18.454316,-97.387631,https://mitehuacan.mx/?ruta=41
3,Electronica Lamparas Mr Web,tienda,1,18.460138,-97.389478,https://mitehuacan.mx/?ruta=41
3,Lote De Autos Usados Autoplazo,tienda,1,18.44095,-97.377125,https://mitehuacan.mx/?ruta=41
3,Productos De Limpieza Eve,tienda,1,18.430063,-97.373739,https://mitehuacan.mx/?ruta=41
3,Tienda De Lenceria La Chica De Hoy,tienda,1,18.459956,-97.38948,https://mitehuacan.mx/?ruta=41
3,Venta De Aceites Y Lubricantes Del Camino,tienda,1,18.446059,-97.382044,https://mitehuacan.mx/?ruta=41
3,Venta De Bocinas Y Accesorios Sin Nombre,tienda,1,18.461088,-97.389469,https://mitehuacan.mx/?ruta=41
3,Venta De Marcos Fotograficos Marcos De Tehuacan,tienda,1,18.460029,-97.389479,https://mitehuacan.mx/?ruta=41
3,Venta De Pan Sin Nombre,tienda,1,18.420722,-97.375941,https://mitehuacan.mx/?ruta=41
3,650191 Neto Tehuacan 5 Sur,tienda,2,18.459564,-97.389484,https://mitehuacan.mx/?ruta=41
3,Compra Y Venta De Equipo Computo Megatoner,tienda,2,18.452645,-97.38628,https://mitehuacan.mx/?ruta=41
3,Compra-Venta De Articulos Usados De Remate,tienda,2,18.462075,-97.38946,https://mitehuacan.mx/?ruta=41
3,La Casa De La Novia Venta De Vestidos Para Fiesta,tienda,2,18.458564,-97.38952,https://mitehuacan.mx/?ruta=41
3,Plasticos Rosita,tienda,2,18.462174,-97.389459,https://mitehuacan.mx/?ruta=41
3,Tienda De Ropa Sin Nombre,tienda,2,18.465889,-97.387753,https://mitehuacan.mx/?ruta=41
3,Tiendas Neto,tienda,2,18.459439,-97.389486,https://mitehuacan.mx/?ruta=41
3,Venta De Lenceria Sin Nombre,tienda,2,18.459632,-97.389483,https://mitehuacan.mx/?ruta=41
3,Carniceria De La 7,tienda,3,18.464811,-97.386575,https://mitehuacan.mx/?ruta=41
3,Comercio Al Por Menor De Lencería Sin Nombre,tienda,3,18.424851,-97.371515,https://mitehuacan.mx/?ruta=41
3,Cremeria Vaqueritos,tienda,3,18.45793,-97.389526,https://mitehuacan.mx/?ruta=41
3,Cremeria Y Salchichoneria La Pastora,tienda,3,18.463916,-97.389412,https://mitehuacan.mx/?ruta=41
3,Expendiode Pan La Perlita,tienda,3,18.454471,-97.390377,https://mitehuacan.mx/?ruta=41
3,Modas Ericos,tienda,3,18.458852,-97.389495,https://mitehuacan.mx/?ruta=41
3,Optica Optivision,tienda,3,18.457713,-97.389527,https://mitehuacan.mx/?ruta=41
3,Pasteleria La Artesanal,tienda,3,18.464898,-97.389266,https://mitehuacan.mx/?ruta=41
3,Pasteleria La Princesa,tienda,3,18.458807,-97.389496,https://mitehuacan.mx/?ruta=41
3,Plasticos Lupita,tienda,3,18.458907,-97.389494,https://mitehuacan.mx/?ruta=41
3,Productos Para Limpiemza,tienda,3,18.464797,-97.38539,https://mitehuacan.mx/?ruta=41
3,Venta De Ropa Interior Mi Mosa Store Th,tienda,3,18.466002,-97.389386,https://mitehuacan.mx/?ruta=41
3,Venta De Ropa Sin Nombre,tienda,3,18.425017,-97.371026,https://mitehuacan.mx/?ruta=41
3,Bodega De Cristalerias Tenorio,tienda,4,18.464776,-97.387848,https://mitehuacan.mx/?ruta=41
3,Carniceria Y Carnitas Don Santi,tienda,4,18.443721,-97.381067,https://mitehuacan.mx/?ruta=41
3,Compra Venta De Articulos Usados Casa Cash,tienda,4,18.45669,-97.389538,https://mitehuacan.mx/?ruta=41
3,De Remate Empeños,tienda,4,18.4565,-97.389546,https://mitehuacan.mx/?ruta=41
3,Distribuidora Multimarcas Michelle,tienda,4,18.463319,-97.391369,https://mitehuacan.mx/?ruta=41
3,Empacadora De Carne,tienda,4,18.43276,-97.37059,https://mitehuacan.mx/?ruta=41
3,Pasteleria Beyle,tienda,4,18.447827,-97.382938,https://mitehuacan.mx/?ruta=41
3,Pasteleria Gabanny,tienda,4,18.462613,-97.391381,https://mitehuacan.mx/?ruta=41
3,Refaccionaria Vecar,tienda,4,18.466336,-97.389383,https://mitehuacan.mx/?ruta=41
3,Venta De Pan Sin Nombre,tienda,4,18.458753,-97.389497,https://mitehuacan.mx/?ruta=41
3,Venta De Ropa Americana,tienda,4,18.424971,-97.37317,https://mitehuacan.mx/?ruta=41
3,3753 Waldos,tienda,5,18.461643,-97.391396,https://mitehuacan.mx/?ruta=41
3,6206 Tehuacan Puebla,tienda,5,18.460097,-97.391425,https://mitehuacan.mx/?ruta=41
3,Aceites Y Lubricantes Ferdin,tienda,5,18.446708,-97.382261,https://mitehuacan.mx/?ruta=41
3,Carniceria Las Flores,tienda,5,18.428188,-97.374991,https://mitehuacan.mx/?ruta=41
3,Compra Venta De Accesorios Para Celular Tecno City,tienda,5,18.464105,-97.391352,https://mitehuacan.mx/?ruta=41
3,Compra Venta De Accesorios Para Computacion Mr Web,tienda,5,18.464532,-97.391347,https://mitehuacan.mx/?ruta=41
3,Compra Venta De Equipos De Computo Y Mantenimiento Pineda Te,tienda,5,18.463952,-97.391355,https://mitehuacan.mx/?ruta=41
3,Compra Venta De Lentes Sin Nombre,tienda,5,18.464296,-97.391349,https://mitehuacan.mx/?ruta=41
3,Coppel Tienda Departamental 3 Sur 125,tienda,5,18.462368,-97.391382,https://mitehuacan.mx/?ruta=41
3,Distribuidora De Plasticos La Bolsita,tienda,5,18.44942,-97.383855,https://mitehuacan.mx/?ruta=41
3,Gas 1,tienda,5,18.440997,-97.378518,https://mitehuacan.mx/?ruta=41
3,Impulsora De Cristalerias Tenorio,tienda,5,18.460098,-97.391425,https://mitehuacan.mx/?ruta=41
3,La Cantona,tienda,5,18.441079,-97.379578,https://mitehuacan.mx/?ruta=41
3,Papeleria Y Libreria Librolandia,tienda,5,18.46455,-97.391347,https://mitehuacan.mx/?ruta=41
3,Pasteleria Cristal,tienda,5,18.45818,-97.39147,https://mitehuacan.mx/?ruta=41
3,Pintumex,tienda,5,18.44942,-97.383855,https://mitehuacan.mx/?ruta=41
3,Pinturas Comex,tienda,5,18.450643,-97.384644,https://mitehuacan.mx/?ruta=41
3,Productos De Limpieza Casa Limpia,tienda,5,18.464821,-97.389071,https://mitehuacan.mx/?ruta=41
3,Splahs Ingenieria En Bombeo Y Energia Renobables,tienda,5,18.464729,-97.385791,https://mitehuacan.mx/?ruta=41
3,Venta De Lenceria Isabela,tienda,5,18.458424,-97.39147,https://mitehuacan.mx/?ruta=41
3,Venta De Lentes Optica Reyes,tienda,5,18.45827,-97.39147,https://mitehuacan.mx/?ruta=41
3,Venta De Pinturas Texturplast,tienda,5,18.458162,-97.39147,https://mitehuacan.mx/?ruta=41
3,Worldtek,tienda,5,18.463771,-97.391358,https://mitehuacan.mx/?ruta=41
3,Compra Venta De Computadoras Genius,tienda,6,18.464598,-97.39145,https://mitehuacan.mx/?ruta=41
3,Compra Venta De Computadoras Genius Ct,tienda,6,18.464019,-97.391458,https://mitehuacan.mx/?ruta=41
3,Compra Venta De Computadoras Y Accesorios Nestore,tienda,6,18.464689,-97.39145,https://mitehuacan.mx/?ruta=41
3,Cristaleria Tenorio,tienda,6,18.461793,-97.391499,https://mitehuacan.mx/?ruta=41
3,Gas Natural Y Lp De Tehuacan,tienda,6,18.440236,-97.374371,https://mitehuacan.mx/?ruta=41
3,La Comercial De Tehuacan,tienda,6,18.459227,-97.391441,https://mitehuacan.mx/?ruta=41
3,Optica Lentes Plus,tienda,6,18.464435,-97.391452,https://mitehuacan.mx/?ruta=41
3,Oxxo Suc 50Sqd Santa Monica Pbf,tienda,6,18.450351,-97.384423,https://mitehuacan.mx/?ruta=41
3,Panaderia Jireh,tienda,6,18.449236,-97.383727,https://mitehuacan.mx/?ruta=41
3,Pasteleria Leo,tienda,6,18.464435,-97.391452,https://mitehuacan.mx/?ruta=41
3,Plasticos Lupita,tienda,6,18.464818,-97.389242,https://mitehuacan.mx/?ruta=41
3,Plaza Compu Cell,tienda,6,18.464645,-97.39145,https://mitehuacan.mx/?ruta=41
3,Pomos Y Chelas,tienda,6,18.457975,-97.391577,https://mitehuacan.mx/?ruta=41
3,Romss,tienda,6,18.458969,-97.391446,https://mitehuacan.mx/?ruta=41
3,Sole Detalles,tienda,6,18.414919,-97.369501,https://mitehuacan.mx/?ruta=41
3,Suplementos Alimenticios Centro De Distribucion Bio-4,tienda,6,18.458446,-97.391574,https://mitehuacan.mx/?ruta=41
3,Tienda De Cortinas Y Blancos Sin Nombre,tienda,6,18.461476,-97.391504,https://mitehuacan.mx/?ruta=41
3,Venta De Artesanias Sin Nombre,tienda,6,18.459175,-97.391442,https://mitehuacan.mx/?ruta=41
3,Venta De Ropa Americana Clothes,tienda,6,18.46582,-97.389387,https://mitehuacan.mx/?ruta=41
3,Bazar De Ropa Bety American Fashion,tienda,7,18.457242,-97.391591,https://mitehuacan.mx/?ruta=41
3,Carniceria De La Avenida,tienda,7,18.449439,-97.383686,https://mitehuacan.mx/?ruta=41
3,Centro De Consultoria,tienda,7,18.42893,-97.375269,https://mitehuacan.mx/?ruta=41
3,Comercial Vinolesa,tienda,7,18.45973,-97.391548,https://mitehuacan.mx/?ruta=41
3,Compra Y Venta De Vinos Y Licores Pomos Y Chelas La Vinata,tienda,7,18.452524,-97.386071,https://mitehuacan.mx/?ruta=41
3,Computadoras Genius,tienda,7,18.466155,-97.391436,https://mitehuacan.mx/?ruta=41
3,La Casa Del Pintor,tienda,7,18.462617,-97.391491,https://mitehuacan.mx/?ruta=41
3,Optica Galeon,tienda,7,18.466092,-97.391436,https://mitehuacan.mx/?ruta=41
3,Tienda De Suplementos T Articulos Gym Beast Mode,tienda,7,18.466155,-97.391436,https://mitehuacan.mx/?ruta=41
3,Venta De Ceramica Sin Nombre,tienda,7,18.466327,-97.391434,https://mitehuacan.mx/?ruta=41
3,Venta De Ropa Sin Nombre,tienda,7,18.452055,-97.385715,https://mitehuacan.mx/?ruta=41
3,Bazar De Ropa Sin Nombre,tienda,8,18.466949,-97.39026,https://mitehuacan.mx/?ruta=41
3,Carniceria Quezada,tienda,8,18.452885,-97.386345,https://mitehuacan.mx/?ruta=41
3,La Neni Ropa Americana,tienda,8,18.456373,-97.391605,https://mitehuacan.mx/?ruta=41
3,Oxxo Suc 50Vzj Avila Camacho Pbf,tienda,8,18.455635,-97.391621,https://mitehuacan.mx/?ruta=41
3,Tienda De Ropa Americana,tienda,8,18.465799,-97.389265,https://mitehuacan.mx/?ruta=41
3,Venta De Instrumentos Musical Tehuacan,tienda,8,18.466933,-97.389891,https://mitehuacan.mx/?ruta=41
3,Venta De Ropa De Bazar,tienda,8,18.460717,-97.391538,https://mitehuacan.mx/?ruta=41
3,Artesanias Marmorell,tienda,9,18.454322,-97.387954,https://mitehuacan.mx/?ruta=41
3,Venta De Libros Sin Nombre,tienda,9,18.465954,-97.388415,https://mitehuacan.mx/?ruta=41
3,Carniceria Anita,tienda,10,18.420527,-97.375768,https://mitehuacan.mx/?ruta=41
3,Maxi Limpieza,tienda,10,18.413563,-97.368891,https://mitehuacan.mx/?ruta=41
3,Venta Renta Soporte Tecnico Sisco Tecnologia Corporativa,tienda,10,18.464856,-97.391299,https://mitehuacan.mx/?ruta=41
3,Establecimiento Venta De Gorras Sin Nombre,tienda,11,18.460919,-97.391355,https://mitehuacan.mx/?ruta=41
3,Gruppo Medico Adrian Guzman,tienda,11,18.462324,-97.389329,https://mitehuacan.mx/?ruta=41
3,Ivaliss Closhop,tienda,11,18.460374,-97.389373,https://mitehuacan.mx/?ruta=41
3,Plasticos Juquilita,tienda,11,18.460587,-97.38937,https://mitehuacan.mx/?ruta=41
3,Tienda Naturista Juquilita,tienda,11,18.462387,-97.389328,https://mitehuacan.mx/?ruta=41
3,Venta De Accesorios Y Molde Para Pasteleria Chios,tienda,11,18.460605,-97.38937,https://mitehuacan.mx/?ruta=41
3,Venta De Pinturas Pinturas Estrada,tienda,11,18.461293,-97.389346,https://mitehuacan.mx/?ruta=41
3,Venta De Suplementos Alimenticios Mr Nutrishion,tienda,11,18.458778,-97.391405,https://mitehuacan.mx/?ruta=41
3,Bazar De Ropa Usada Nacional Sin Nombre,tienda,12,18.456881,-97.389689,https://mitehuacan.mx/?ruta=41
3,Compra Venta De Copiadoras Sharp,tienda,12,18.464826,-97.389554,https://mitehuacan.mx/?ruta=41
3,Pasteleria La Ideal,tienda,12,18.461238,-97.389345,https://mitehuacan.mx/?ruta=41
3,Sombreria Tehuacan,tienda,12,18.461102,-97.389341,https://mitehuacan.mx/?ruta=41
3,Venta De Ropa Sin Nombre,tienda,12,18.425421,-97.370727,https://mitehuacan.mx/?ruta=41
3,Mega Elecktra,tienda,12,18.464143,-97.391514,https://mitehuacan.mx/?ruta=41
3,Carniceria Carnes Selectas Bruno,tienda,13,18.464677,-97.386949,https://mitehuacan.mx/?ruta=41
3,Expendio Bimbo,tienda,13,18.460975,-97.389338,https://mitehuacan.mx/?ruta=41
3,La Zarza,tienda,13,18.463059,-97.389315,https://mitehuacan.mx/?ruta=41
3,Pinturas Y Tlapaleria,tienda,13,18.462731,-97.389319,https://mitehuacan.mx/?ruta=41
3,Tienda Naturista Centro Botanico Azteca,tienda,13,18.462803,-97.389317,https://mitehuacan.mx/?ruta=41
3,Surcursal De Miel San Miguel Tehuacan,tienda,14,18.459266,-97.389386,https://mitehuacan.mx/?ruta=41
3,Tienda De Ropa Segundo Estreno Tehuacan,tienda,14,18.456931,-97.389443,https://mitehuacan.mx/?ruta=41
3,Tienda Naturista San Benito,tienda,14,18.458334,-97.389408,https://mitehuacan.mx/?ruta=41
3,Venta De Sabanas Y Cobijas Blancos Banderas,tienda,14,18.459166,-97.389387,https://mitehuacan.mx/?ruta=41
3,724 Super 109 Tehuacan 5 Sur,tienda,15,18.458786,-97.389392,https://mitehuacan.mx/?ruta=41
3,Optica Optimagg,tienda,15,18.463346,-97.389303,https://mitehuacan.mx/?ruta=41
3,Plasticos Lupita,tienda,15,18.458786,-97.389392,https://mitehuacan.mx/?ruta=41
3,Venta De Instrumentos Musicales Ruper Music,tienda,15,18.457583,-97.389414,https://mitehuacan.mx/?ruta=41
3,Venta De Productos Alimenticios Omnilife,tienda,15,18.457637,-97.389413,https://mitehuacan.mx/?ruta=41
3,Ventas De Computadoras Genius,tienda,15,18.458786,-97.389392,https://mitehuacan.mx/?ruta=41
3,Distribuidoras De Carnes Majuf,tienda,16,18.457348,-97.389417,https://mitehuacan.mx/?ruta=41
3,Kodak Moments Camaras Y Fotos,tienda,16,18.464941,-97.391538,https://mitehuacan.mx/?ruta=41
3,Tienda De Articulos Religiosos Sin Nombre,tienda,16,18.460764,-97.389621,https://mitehuacan.mx/?ruta=41
3,Cristaleria Pacheco,tienda,17,18.460809,-97.391302,https://mitehuacan.mx/?ruta=41
3,Venta De Lenceria Sensual,tienda,17,18.461492,-97.389609,https://mitehuacan.mx/?ruta=41
3,Venta De Pan Sin Nombre,tienda,18,18.43011,-97.370901,https://mitehuacan.mx/?ruta=41
3,Venta De Ropa Interior Y Lenceria Sin Nombre,tienda,18,18.460765,-97.389634,https://mitehuacan.mx/?ruta=41
3,Antiguedades Y Obras De Arte Garcia,tienda,19,18.460808,-97.391283,https://mitehuacan.mx/?ruta=41
3,Carniceria Paulina,tienda,19,18.449281,-97.383446,https://mitehuacan.mx/?ruta=41
3,Pinturas Berel De Tehuacan,tienda,19,18.464625,-97.387026,https://mitehuacan.mx/?ruta=41
3,American Clothes Shop,tienda,20,18.46569,-97.389265,https://mitehuacan.mx/?ruta=41
3,Floreria Y Novedades Han-Jung,tienda,20,18.460758,-97.389274,https://mitehuacan.mx/?ruta=41
3,Funerales Tepeyac,tienda,21,18.456355,-97.389782,https://mitehuacan.mx/?ruta=41
3,Bodega De Steren Sin Nombre,tienda,22,18.462814,-97.389233,https://mitehuacan.mx/?ruta=41
3,Optica Reyes,tienda,22,18.464827,-97.389649,https://mitehuacan.mx/?ruta=41
3,Pasteleria La Cereza,tienda,22,18.450306,-97.384206,https://mitehuacan.mx/?ruta=41
3,Pinturas Comex Sucursal Independencia,tienda,22,18.462983,-97.39121,https://mitehuacan.mx/?ruta=41
3,Venta De Ropa Interior Secret Fantasy,tienda,22,18.458724,-97.389323,https://mitehuacan.mx/?ruta=41
3,3643 Waldos,tienda,23,18.461957,-97.391654,https://mitehuacan.mx/?ruta=41
3,Productos De Limpieza Sin Nombre,tienda,23,18.466864,-97.38921,https://mitehuacan.mx/?ruta=41
3,Articulos De Plastico Super Plas,tienda,24,18.458788,-97.391731,https://mitehuacan.mx/?ruta=41
3,Bazar De Ropa Sin Nombre,tienda,24,18.465274,-97.384472,https://mitehuacan.mx/?ruta=41
3,Cremeria Andrea,tienda,24,18.416478,-97.36866,https://mitehuacan.mx/?ruta=41
3,Tienda De Recuerdos La Casa Del Recuerdo,tienda,24,18.460915,-97.391232,https://mitehuacan.mx/?ruta=41
3,Tienda De Ropa Interior Yaenkos,tienda,24,18.460915,-97.391232,https://mitehuacan.mx/?ruta=41
3,Yaenkos,tienda,24,18.460915,-97.391232,https://mitehuacan.mx/?ruta=41
3,Productos De Limpieza,tienda,25,18.425038,-97.372162,https://mitehuacan.mx/?ruta=41
3,Optica Inovision,tienda,26,18.424611,-97.373374,https://mitehuacan.mx/?ruta=41
3,Tiendas Tres B,tienda,26,18.464828,-97.389687,https://mitehuacan.mx/?ruta=41
3,Venta De Ropa Interior Sadda,tienda,26,18.465115,-97.389394,https://mitehuacan.mx/?ruta=41
3,Venta De Ropa Usada Sin Nombre,tienda,26,18.424733,-97.373027,https://mitehuacan.mx/?ruta=41
3,Abarrotes Y Chiles Secos El Trebol,tienda,27,18.461948,-97.391178,https://mitehuacan.mx/?ruta=41
3,Bodega Carniceria Victoria,tienda,27,18.461948,-97.391178,https://mitehuacan.mx/?ruta=41
3,Bodega De Carniceria La Azucena,tienda,27,18.461948,-97.391178,https://mitehuacan.mx/?ruta=41
3,Bodega De Carniceria La China Poblana,tienda,27,18.461948,-97.391178,https://mitehuacan.mx/?ruta=41
3,Bodega De Carniceria La Rosita,tienda,27,18.461948,-97.391178,https://mitehuacan.mx/?ruta=41
3,Bodega De Carniceria Maribel,tienda,27,18.461948,-97.391178,https://mitehuacan.mx/?ruta=41
3,Bodega De Carniceria Norma,tienda,27,18.461948,-97.391178,https://mitehuacan.mx/?ruta=41
3,Bodega De Carniceria Sin Nombre,tienda,27,18.461948,-97.391178,https://mitehuacan.mx/?ruta=41
3,Bodega De Carniceria Y Cremeria Sonia,tienda,27,18.461948,-97.391178,https://mitehuacan.mx/?ruta=41
3,Bodega De Cremeria Lupita,tienda,27,18.461948,-97.391178,https://mitehuacan.mx/?ruta=41
3,Bodega De Cremeria Y Salchichoneria Jennifer,tienda,27,18.461948,-97.391178,https://mitehuacan.mx/?ruta=41
3,Botanas Tipicas,tienda,27,18.461948,-97.391178,https://mitehuacan.mx/?ruta=41
3,Carniceria Andrea,tienda,27,18.461948,-97.391178,https://mitehuacan.mx/?ruta=41
3,Carniceria Blanca Estela,tienda,27,18.461948,-97.391178,https://mitehuacan.mx/?ruta=41
3,Carniceria Carmelita,tienda,27,18.461948,-97.391178,https://mitehuacan.mx/?ruta=41
3,Carniceria Chilacteca,tienda,27,18.461948,-97.391178,https://mitehuacan.mx/?ruta=41
3,Carniceria Dany,tienda,27,18.461948,-97.391178,https://mitehuacan.mx/?ruta=41
3,Carniceria Del Carmen,tienda,27,18.461948,-97.391178,https://mitehuacan.mx/?ruta=41
3,Carniceria El Torito Cebu,tienda,27,18.461948,-97.391178,https://mitehuacan.mx/?ruta=41
3,Carniceria Esmeralda,tienda,27,18.461948,-97.391178,https://mitehuacan.mx/?ruta=41
3,Carniceria Holanda,tienda,27,18.461948,-97.391178,https://mitehuacan.mx/?ruta=41
3,Carniceria La Azucena,tienda,27,18.461948,-97.391178,https://mitehuacan.mx/?ruta=41
3,Carniceria La Chileñita,tienda,27,18.461948,-97.391178,https://mitehuacan.mx/?ruta=41
3,Carniceria La China Poblana,tienda,27,18.461948,-97.391178,https://mitehuacan.mx/?ruta=41
3,Carniceria La Reina De Mexico,tienda,27,18.461948,-97.391178,https://mitehuacan.mx/?ruta=41
3,Carniceria La Rosita,tienda,27,18.461948,-97.391178,https://mitehuacan.mx/?ruta=41
3,Carniceria La Siempre Viva,tienda,27,18.461948,-97.391178,https://mitehuacan.mx/?ruta=41
3,Carniceria La Surtidora,tienda,27,18.461948,-97.391178,https://mitehuacan.mx/?ruta=41
3,Carniceria La Tehuacanera,tienda,27,18.461948,-97.391178,https://mitehuacan.mx/?ruta=41
3,Carniceria Lety,tienda,27,18.461948,-97.391178,https://mitehuacan.mx/?ruta=41
3,Carniceria Lupita,tienda,27,18.461948,-97.391178,https://mitehuacan.mx/?ruta=41
3,Carniceria Magnolia,tienda,27,18.461948,-97.391178,https://mitehuacan.mx/?ruta=41
3,Carniceria Maribel,tienda,27,18.461948,-97.391178,https://mitehuacan.mx/?ruta=41
3,Carniceria Monte Alban,tienda,27,18.461948,-97.391178,https://mitehuacan.mx/?ruta=41
3,Carniceria Norma,tienda,27,18.461948,-97.391178,https://mitehuacan.mx/?ruta=41
3,Carniceria Olivier,tienda,27,18.453303,-97.387191,https://mitehuacan.mx/?ruta=41
3,Carniceria Pavita,tienda,27,18.461948,-97.391178,https://mitehuacan.mx/?ruta=41
3,Carniceria Pavita 2,tienda,27,18.461948,-97.391178,https://mitehuacan.mx/?ruta=41
3,Carniceria Premium,tienda,27,18.461948,-97.391178,https://mitehuacan.mx/?ruta=41
3,Carniceria San Gabriel,tienda,27,18.461948,-97.391178,https://mitehuacan.mx/?ruta=41
3,Carniceria Santa Fe,tienda,27,18.461948,-97.391178,https://mitehuacan.mx/?ruta=41
3,Carniceria Sin Nombre,tienda,27,18.461948,-97.391178,https://mitehuacan.mx/?ruta=41
3,Carniceria Victoria,tienda,27,18.461948,-97.391178,https://mitehuacan.mx/?ruta=41
3,Carniceria Y Cremeria Juquilita,tienda,27,18.461948,-97.391178,https://mitehuacan.mx/?ruta=41
3,Carniceria Y Cremeria San Juditas,tienda,27,18.461948,-97.391178,https://mitehuacan.mx/?ruta=41
3,Chiles Secos Don Juan,tienda,27,18.461948,-97.391178,https://mitehuacan.mx/?ruta=41
3,Chiles Secos Sin Nombre,tienda,27,18.461948,-97.391178,https://mitehuacan.mx/?ruta=41
3,Cremeria Del Carmen,tienda,27,18.461948,-97.391178,https://mitehuacan.mx/?ruta=41
3,Cremeria Juquilita,tienda,27,18.461948,-97.391178,https://mitehuacan.mx/?ruta=41
3,Cremeria La Chileñita,tienda,27,18.461948,-97.391178,https://mitehuacan.mx/?ruta=41
3,Cremeria La Juchiteca,tienda,27,18.461948,-97.391178,https://mitehuacan.mx/?ruta=41
3,Cremeria Lupita,tienda,27,18.461948,-97.391178,https://mitehuacan.mx/?ruta=41
3,Cremeria Sin Nombre,tienda,27,18.461948,-97.391178,https://mitehuacan.mx/?ruta=41
3,Cremeria Y Carniceria San Juditas,tienda,27,18.461948,-97.391178,https://mitehuacan.mx/?ruta=41
3,Cremeria Y Carniceria Sonia,tienda,27,18.461948,-97.391178,https://mitehuacan.mx/?ruta=41
3,Cremeria Y Salchichoneria Jennifer,tienda,27,18.461948,-97.391178,https://mitehuacan.mx/?ruta=41
3,Expendio De Bisceras De Res Sin Nombre,tienda,27,18.461948,-97.391178,https://mitehuacan.mx/?ruta=41
3,Expendio De Pan Petrita 1,tienda,27,18.461948,-97.391178,https://mitehuacan.mx/?ruta=41
3,Expendio De Pan Petrita 2,tienda,27,18.461948,-97.391178,https://mitehuacan.mx/?ruta=41
3,Expendio De Viceras Monte Alban,tienda,27,18.461948,-97.391178,https://mitehuacan.mx/?ruta=41
3,Expendio De Visceras De Res Y Carniceria El Torito,tienda,27,18.461948,-97.391178,https://mitehuacan.mx/?ruta=41
3,Panaderia Guti Pan,tienda,27,18.461948,-97.391178,https://mitehuacan.mx/?ruta=41
3,Plasticos Lupita,tienda,27,18.461948,-97.391178,https://mitehuacan.mx/?ruta=41
3,Plaza Granel,tienda,27,18.461948,-97.391178,https://mitehuacan.mx/?ruta=41
3,Queseria Rombitos,tienda,27,18.461948,-97.391178,https://mitehuacan.mx/?ruta=41
3,Surtidora De Carne,tienda,27,18.461948,-97.391178,https://mitehuacan.mx/?ruta=41
3,Tienda De Sombreros Sin Nombre,tienda,27,18.461948,-97.391178,https://mitehuacan.mx/?ruta=41
3,Tocineria Chabelita,tienda,27,18.461948,-97.391178,https://mitehuacan.mx/?ruta=41
3,Venta De Chicharron,tienda,27,18.461948,-97.391178,https://mitehuacan.mx/?ruta=41
3,Venta De Chiles Secos,tienda,27,18.461948,-97.391178,https://mitehuacan.mx/?ruta=41
3,Venta De Chiles Secos Gilber,tienda,27,18.461948,-97.391178,https://mitehuacan.mx/?ruta=41
3,Venta De Chiles Secos Y Carne De Matanza La Coapeñita,tienda,27,18.461948,-97.391178,https://mitehuacan.mx/?ruta=41
3,Venta De Chiles Y Condimentos Sin Nombre,tienda,27,18.461948,-97.391178,https://mitehuacan.mx/?ruta=41
3,Venta De Plantas Medicinales Doña Celia,tienda,27,18.461948,-97.391178,https://mitehuacan.mx/?ruta=41
3,Venta De Semillas Y Condimentos,tienda,27,18.461948,-97.391178,https://mitehuacan.mx/?ruta=41
3,Bolsas Y Desechables Lafeliz,tienda,28,18.462925,-97.389172,https://mitehuacan.mx/?ruta=41
3,Floreria Y Novedades Las Americas,tienda,28,18.458623,-97.389801,https://mitehuacan.mx/?ruta=41
3,Materiales Y Acabados Para La Construcion Maria Guadalupe,tienda,28,18.464663,-97.384522,https://mitehuacan.mx/?ruta=41
3,Centro De Reuniones De Productos Omnilife,tienda,29,18.4645,-97.384757,https://mitehuacan.mx/?ruta=41
3,Estacionamiento De Musical Sinfonia,tienda,29,18.460768,-97.389742,https://mitehuacan.mx/?ruta=41
3,Optica Look Vission,tienda,29,18.458615,-97.38926,https://mitehuacan.mx/?ruta=41
3,Sombrereria Coxcatlan,tienda,29,18.458721,-97.389257,https://mitehuacan.mx/?ruta=41
3,Barnices Y Herrajes Salazar,tienda,30,18.465594,-97.385857,https://mitehuacan.mx/?ruta=41
3,Carniceria Gaby,tienda,30,18.42904,-97.374721,https://mitehuacan.mx/?ruta=41
3,Carniceria Magnolia,tienda,32,18.460912,-97.391156,https://mitehuacan.mx/?ruta=41
3,Cremeria Jmc,tienda,32,18.457405,-97.38987,https://mitehuacan.mx/?ruta=41
3,Optica Optimex Van,tienda,32,18.46491,-97.389741,https://mitehuacan.mx/?ruta=41
3,Venta De Cruces La Gloria De Dios,tienda,32,18.458613,-97.389232,https://mitehuacan.mx/?ruta=41
3,Expendio De Pan Sthephanye,tienda,33,18.454438,-97.387259,https://mitehuacan.mx/?ruta=41
3,Pañales Mi Lalita,tienda,33,18.416576,-97.368611,https://mitehuacan.mx/?ruta=41
3,Tienda De Vestidos Reina Novia,tienda,33,18.46092,-97.391773,https://mitehuacan.mx/?ruta=41
3,Abarrotes Y Semillas La Fortaleza,tienda,34,18.460912,-97.391137,https://mitehuacan.mx/?ruta=41
3,Funerales De Jesus,tienda,34,18.458625,-97.389858,https://mitehuacan.mx/?ruta=41
3,Musical Sinfonia,tienda,34,18.460763,-97.389788,https://mitehuacan.mx/?ruta=41
3,Musical Yañez De Tehuacan,tienda,34,18.462981,-97.391096,https://mitehuacan.mx/?ruta=41
3,Bodega Tienda Musical Yañez,tienda,35,18.462981,-97.391087,https://mitehuacan.mx/?ruta=41
3,Funerales Velez,tienda,35,18.458612,-97.389204,https://mitehuacan.mx/?ruta=41
3,Veladoras San Judas Tadeo,tienda,36,18.458718,-97.389191,https://mitehuacan.mx/?ruta=41
3,Venta De Ropa Para Niño Dios Juquilita,tienda,37,18.45735,-97.389216,https://mitehuacan.mx/?ruta=41
3,Frituras Tehuacan,tienda,38,18.457457,-97.391885,https://mitehuacan.mx/?ruta=41
3,Pasteleria Leo,tienda,38,18.462981,-97.391058,https://mitehuacan.mx/?ruta=41
3,Tienda De Tintas Computadoras Y Accesorios Tintas Hm,tienda,39,18.465228,-97.389266,https://mitehuacan.mx/?ruta=41
3,Opticalia,tienda,40,18.464933,-97.391012,https://mitehuacan.mx/?ruta=41
3,Pinta Comex De Tehuacan,tienda,41,18.46525,-97.389393,https://mitehuacan.mx/?ruta=41
3,Productos De Limpieza Ae Clean,tienda,41,18.456581,-97.391919,https://mitehuacan.mx/?ruta=41
3,Cremeria La Cañada,tienda,42,18.460557,-97.389867,https://mitehuacan.mx/?ruta=41
3,Mabel Novias,tienda,42,18.460824,-97.391861,https://mitehuacan.mx/?ruta=41
3,Optica Mendoza,tienda,42,18.464831,-97.389838,https://mitehuacan.mx/?ruta=41
3,Expendio Tehuacan,tienda,43,18.465489,-97.389265,https://mitehuacan.mx/?ruta=41
3,Jarcieria Puebla Y Plasticos Mop,tienda,43,18.465265,-97.389266,https://mitehuacan.mx/?ruta=41
3,Venta De Ropa Interior Para Dama Dulce Secreto,tienda,43,18.461576,-97.389853,https://mitehuacan.mx/?ruta=41
3,Venta De Pan De Burro,tienda,45,18.458715,-97.389105,https://mitehuacan.mx/?ruta=41
3,Venta De Ropa Americana. Paca La Frontera,tienda,46,18.460847,-97.389024,https://mitehuacan.mx/?ruta=41
3,Vneta De Peliculas,tienda,46,18.462712,-97.389878,https://mitehuacan.mx/?ruta=41
3,Botanas Chucherias,tienda,48,18.45735,-97.389112,https://mitehuacan.mx/?ruta=41
3,Chiles Secos Y Semillas Casa Hermes,tienda,48,18.45735,-97.389112,https://mitehuacan.mx/?ruta=41
3,Pasteleria Cristal,tienda,49,18.458629,-97.39,https://mitehuacan.mx/?ruta=41
3,Venta De Ropa Interior De Dama Sin Nombre,tienda,49,18.458765,-97.391039,https://mitehuacan.mx/?ruta=41
3,Optica Pura Vision,tienda,50,18.464913,-97.389912,https://mitehuacan.mx/?ruta=41
3,Productos De Limpieza Deep Clean,tienda,50,18.454387,-97.387022,https://mitehuacan.mx/?ruta=41
3,Ropa Americana Sin Nombre,tienda,50,18.455422,-97.39008,https://mitehuacan.mx/?ruta=41
3,Lenceria Alis,tienda,51,18.465881,-97.390894,https://mitehuacan.mx/?ruta=41
3,Tienda De Ropa Interior Shaddai,tienda,51,18.460908,-97.390976,https://mitehuacan.mx/?ruta=41
3,Max Pan,tienda,52,18.458694,-97.392,https://mitehuacan.mx/?ruta=41
3,Sombreros El Gallo,tienda,52,18.460827,-97.391956,https://mitehuacan.mx/?ruta=41
3,Tienda De Lenceria Pasion 360,tienda,52,18.458739,-97.390025,https://mitehuacan.mx/?ruta=41
3,Carnes Nacional,tienda,53,18.454904,-97.389472,https://mitehuacan.mx/?ruta=41
3,Venta De Articulos Para Manualidades Tus Sueños En Laser,tienda,53,18.457438,-97.391017,https://mitehuacan.mx/?ruta=41
3,Venta De Cobertores Y Blancos Caleb,tienda,53,18.458665,-97.391004,https://mitehuacan.mx/?ruta=41
3,Venta De Pan De Burro,tienda,53,18.460749,-97.388961,https://mitehuacan.mx/?ruta=41
3,Compra Venta De Muebles Usados Sin Nombre,tienda,54,18.467311,-97.389273,https://mitehuacan.mx/?ruta=41
3,Optica Bella Luz,tienda,54,18.460828,-97.391975,https://mitehuacan.mx/?ruta=41
3,Optica Visual World,tienda,54,18.464931,-97.390879,https://mitehuacan.mx/?ruta=41
3,Tienda De Vestidos De Comunion Karen,tienda,54,18.460828,-97.391975,https://mitehuacan.mx/?ruta=41
3,La Casa Del Recuerdo,tienda,55,18.460907,-97.390938,https://mitehuacan.mx/?ruta=41
3,Vestidos Para 15 Años Miss 15 Queen,tienda,55,18.460883,-97.389981,https://mitehuacan.mx/?ruta=41
3,Cruces Y Coronas San Angel,tienda,58,18.458601,-97.388986,https://mitehuacan.mx/?ruta=41
3,Productos De Limpieza Limpia Todo,tienda,58,18.457464,-97.389015,https://mitehuacan.mx/?ruta=41
3,Tienda De Ropa Para Dama Sin Nombre,tienda,59,18.458663,-97.390948,https://mitehuacan.mx/?ruta=41
3,Venta De Artesanias,tienda,59,18.431302,-97.373491,https://mitehuacan.mx/?ruta=41
3,Venta De Pinturas Alvamex,tienda,59,18.457437,-97.39096,https://mitehuacan.mx/?ruta=41
3,Pasteleria La Cereza,tienda,60,18.458633,-97.390104,https://mitehuacan.mx/?ruta=41
3,Tienda De Lenceria La Coqueteria,tienda,60,18.457351,-97.388998,https://mitehuacan.mx/?ruta=41
3,Bazar Sin Nombre,tienda,61,18.454328,-97.391622,https://mitehuacan.mx/?ruta=41
3,Bodega De Plasticos Lupita Sin Nombre,tienda,62,18.461573,-97.388857,https://mitehuacan.mx/?ruta=41
3,Carniceria Jaime,tienda,62,18.456279,-97.389002,https://mitehuacan.mx/?ruta=41
3,Expendio De Pan De Burro Sin Nombre,tienda,63,18.458705,-97.388935,https://mitehuacan.mx/?ruta=41
3,Tienda De Pinturas Jc Pinturas Acuario,tienda,64,18.456483,-97.390186,https://mitehuacan.mx/?ruta=41
3,Pasteleria Juquilita,tienda,65,18.461968,-97.392051,https://mitehuacan.mx/?ruta=41
3,Oxxo Suc 50Rxn Rayon Pbf,tienda,66,18.461968,-97.392064,https://mitehuacan.mx/?ruta=41
3,Antojitos Mexicanos Silvia,tienda,67,18.460904,-97.390825,https://mitehuacan.mx/?ruta=41
3,Bodega De Plasticos Lupita Sin Nombre,tienda,67,18.461572,-97.388819,https://mitehuacan.mx/?ruta=41
3,Compra Venta De Empaques Para Regalos Packingmex,tienda,68,18.464835,-97.390085,https://mitehuacan.mx/?ruta=41
3,Compra Venta De Suplementos Alimenticios Saya,tienda,68,18.464835,-97.390085,https://mitehuacan.mx/?ruta=41
3,Omega Nutricion,tienda,68,18.464835,-97.390085,https://mitehuacan.mx/?ruta=41
3,Optica Elvision,tienda,68,18.464835,-97.390085,https://mitehuacan.mx/?ruta=41
3,Tienda Naturista Yo Soy Natural,tienda,68,18.456487,-97.392169,https://mitehuacan.mx/?ruta=41
3,Ilusion Tehuacan,tienda,69,18.464949,-97.392046,https://mitehuacan.mx/?ruta=41
3,Libreria Luz Y Vida,tienda,70,18.462422,-97.390763,https://mitehuacan.mx/?ruta=41
3,Tienda De Articulos Religiosos Y Ceras San Judas Tadeo,tienda,71,18.462232,-97.390762,https://mitehuacan.mx/?ruta=41
3,Adornos Y Novedades Dulce,tienda,72,18.461653,-97.390759,https://mitehuacan.mx/?ruta=41
3,Farmacia Homeopatica Tenorio Olalde,tienda,72,18.457434,-97.390837,https://mitehuacan.mx/?ruta=41
3,Artesanias Aby,tienda,73,18.461462,-97.390758,https://mitehuacan.mx/?ruta=41
3,Bodega De Pinturas De Distribuidora De Poliester,tienda,73,18.457563,-97.39025,https://mitehuacan.mx/?ruta=41
3,Compra Venta De Ropa Tipica Rhuama,tienda,73,18.457834,-97.390242,https://mitehuacan.mx/?ruta=41
3,Expendio De Pan Bimbo,tienda,73,18.45866,-97.390815,https://mitehuacan.mx/?ruta=41
3,Lenceria Sin Nombre,tienda,73,18.460779,-97.390155,https://mitehuacan.mx/?ruta=41
3,Ropa Tipica El Leon De Juda,tienda,73,18.46149,-97.390758,https://mitehuacan.mx/?ruta=41
3,Tienda De Adornos Para Fiestas Aydu,tienda,73,18.46111,-97.390761,https://mitehuacan.mx/?ruta=41
3,Tienda De Boneteria Paola,tienda,73,18.461046,-97.390762,https://mitehuacan.mx/?ruta=41
3,Tienda De Lenceria Fany,tienda,73,18.461481,-97.390758,https://mitehuacan.mx/?ruta=41
3,Venta De Pinturas Pintucom De Tehuacan,tienda,73,18.457653,-97.390247,https://mitehuacan.mx/?ruta=41
3,Ropa Tipica La Oaxaqueña La Pequeña,tienda,74,18.461499,-97.39015,https://mitehuacan.mx/?ruta=41
3,Tienda Naturista Juquilita,tienda,74,18.462843,-97.390143,https://mitehuacan.mx/?ruta=41
3,Carniceria Romms Cerdo De Calidad,tienda,75,18.46702,-97.392071,https://mitehuacan.mx/?ruta=41
3,Hiervas Y Plantas Medicinales 4 Elementos,tienda,75,18.457433,-97.390809,https://mitehuacan.mx/?ruta=41
3,Venta De Pinturas La Casa Del Pintor,tienda,75,18.458798,-97.392214,https://mitehuacan.mx/?ruta=41
3,Distribuidora Independiente De Cafe Gano Excel,tienda,76,18.464109,-97.387034,https://mitehuacan.mx/?ruta=41
3,Expendio De Huevo,tienda,76,18.46702,-97.39208,https://mitehuacan.mx/?ruta=41
3,Novedades Lalo,tienda,76,18.460593,-97.390749,https://mitehuacan.mx/?ruta=41
3,Punto De Venta Oxifuel Motor De Mexico Limpio,tienda,76,18.440354,-97.379676,https://mitehuacan.mx/?ruta=41
3,Super Servicio Alatriste,tienda,76,18.458745,-97.390252,https://mitehuacan.mx/?ruta=41
3,Venta De Suplementos L Vid New,tienda,76,18.46702,-97.39208,https://mitehuacan.mx/?ruta=41
3,Creaciones Diana,tienda,77,18.460095,-97.390749,https://mitehuacan.mx/?ruta=41
3,Venta De Articulos Religiosos Isabelita,tienda,78,18.462845,-97.39018,https://mitehuacan.mx/?ruta=41
3,Oxxo,tienda,78,18.461897,-97.392175,https://mitehuacan.mx/?ruta=41
3,Tienda De Vestidos Detalles De Comunion Novias Maqueda,tienda,79,18.458819,-97.390755,https://mitehuacan.mx/?ruta=41
3,Venta De Productos Naturistas Sana,tienda,79,18.458695,-97.388783,https://mitehuacan.mx/?ruta=41
3,Bazar Sin Nombre,tienda,80,18.46588,-97.390619,https://mitehuacan.mx/?ruta=41
3,Venta De Vestidos Novias Aranda,tienda,80,18.46251,-97.390668,https://mitehuacan.mx/?ruta=41
3,El Ricon Del Comic,tienda,81,18.462859,-97.390654,https://mitehuacan.mx/?ruta=41
3,Exotica Sex Shop,tienda,81,18.462859,-97.390654,https://mitehuacan.mx/?ruta=41
3,Sala De Exhibicion De Lentes Sin Nombre,tienda,81,18.462859,-97.390654,https://mitehuacan.mx/?ruta=41
3,Vestidos Ceremoniales Karylu,tienda,81,18.458799,-97.392271,https://mitehuacan.mx/?ruta=41
3,Bazar Bazarin,tienda,82,18.419517,-97.376391,https://mitehuacan.mx/?ruta=41
3,Colecturia Inmaculadala,tienda,82,18.46184,-97.390665,https://mitehuacan.mx/?ruta=41
3,Venta De Valadoras E Imagenes San Francisco De Asis,tienda,82,18.46174,-97.390664,https://mitehuacan.mx/?ruta=41
3,Centro De Blancos Sin Nombre,tienda,83,18.46107,-97.390667,https://mitehuacan.mx/?ruta=41
3,Centro De Blancos Sin Nombre,tienda,83,18.461007,-97.390668,https://mitehuacan.mx/?ruta=41
3,Tienda De Lentes Suplementos Opticos,tienda,83,18.464838,-97.390227,https://mitehuacan.mx/?ruta=41
3,Venta De Blancos Balderas,tienda,83,18.461306,-97.390665,https://mitehuacan.mx/?ruta=41
3,Venta De Blancos Sin Nombre,tienda,83,18.461061,-97.390667,https://mitehuacan.mx/?ruta=41
3,Venta De Pinturas Distribuidora De Poliester,tienda,83,18.45781,-97.390337,https://mitehuacan.mx/?ruta=41
3,Blancos Juquilita,tienda,84,18.455426,-97.390402,https://mitehuacan.mx/?ruta=41
3,Exclusivos Lulu,tienda,84,18.460726,-97.390664,https://mitehuacan.mx/?ruta=41
3,Productos De Limpieza Clean Magic,tienda,84,18.465845,-97.383837,https://mitehuacan.mx/?ruta=41
3,Venta De Cruces Sin Nombre,tienda,84,18.458507,-97.390331,https://mitehuacan.mx/?ruta=41
3,Venta De Sombreros Y Pan El Vaquero,tienda,84,18.458692,-97.388736,https://mitehuacan.mx/?ruta=41
3,Vestidos De Novia Reyna Novias,tienda,84,18.460663,-97.390664,https://mitehuacan.mx/?ruta=41
3,Optica Bella Luz,tienda,85,18.460228,-97.390664,https://mitehuacan.mx/?ruta=41
3,Venta De Papas Fritas La Inmaculada,tienda,85,18.462976,-97.390613,https://mitehuacan.mx/?ruta=41
3,Venta De Ropa Para Primera Comunion Sin Nombre,tienda,85,18.460237,-97.390664,https://mitehuacan.mx/?ruta=41
3,Venta De Vestidos De Xv Años Sin Nombre,tienda,85,18.460237,-97.390664,https://mitehuacan.mx/?ruta=41
3,Bodega De Veladora Maria Milagrosa,tienda,86,18.459676,-97.390666,https://mitehuacan.mx/?ruta=41
3,Productos Para Aseo Del Hogar La Magnifica,tienda,86,18.455426,-97.390421,https://mitehuacan.mx/?ruta=41
3,Venta De Veladoras San Juditas Tadeo,tienda,86,18.461586,-97.390631,https://mitehuacan.mx/?ruta=41
3,Lenceria Y Corseteria Pasion Seduccion Fantasia Y Elegancia,tienda,87,18.462976,-97.390594,https://mitehuacan.mx/?ruta=41
3,Venta De Lenceria,tienda,87,18.45916,-97.390668,https://mitehuacan.mx/?ruta=41
3,Venta De Hierbas Y Plantas Curativas,tienda,88,18.461586,-97.390612,https://mitehuacan.mx/?ruta=41
3,Carniceria La Huasteca,tienda,89,18.467709,-97.391317,https://mitehuacan.mx/?ruta=41
3,Suplementos Alimenticios Mystems Fitness,tienda,89,18.457465,-97.392364,https://mitehuacan.mx/?ruta=41
3,Veladoras Y Parafinas Maria Milagrosa,tienda,89,18.461501,-97.390292,https://mitehuacan.mx/?ruta=41
3,Pasteleria La Artesanal,tienda,90,18.462856,-97.390569,https://mitehuacan.mx/?ruta=41
3,Carniceria Y Cremeria Bufalo,tienda,91,18.460899,-97.390597,https://mitehuacan.mx/?ruta=41
3,Venta De Discos Y Peliculas Sin Nombre,tienda,91,18.458644,-97.390398,https://mitehuacan.mx/?ruta=41
3,Tienda De Venta De Uniformes Sin Nombre,tienda,92,18.463965,-97.387042,https://mitehuacan.mx/?ruta=41
3,Coth51 Delimart Au,tienda,93,18.458687,-97.388656,https://mitehuacan.mx/?ruta=41
3,Deli Mart,tienda,93,18.458975,-97.388646,https://mitehuacan.mx/?ruta=41
3,Venta De Ropa Sin Nombre,tienda,94,18.457017,-97.390461,https://mitehuacan.mx/?ruta=41
3,Bazar De Ropa Usada Sin Nombre,tienda,95,18.466719,-97.384803,https://mitehuacan.mx/?ruta=41
3,Compra Venta De Productos De Limpieza Eco Limpieza Tehuacan,tienda,95,18.46484,-97.390341,https://mitehuacan.mx/?ruta=41
3,Velatorios Machorro,tienda,95,18.467023,-97.39226,https://mitehuacan.mx/?ruta=41
3,Plaza Kristal,tienda,95,18.462691,-97.390518,https://mitehuacan.mx/?ruta=41
3,Expendio De Pan Bimbo Independencia,tienda,96,18.462854,-97.390512,https://mitehuacan.mx/?ruta=41
3,Blancos Conde,tienda,97,18.458685,-97.388613,https://mitehuacan.mx/?ruta=41
3,Carniceria La Azucena,tienda,97,18.458309,-97.392439,https://mitehuacan.mx/?ruta=41
3,Expendio De Pan De Burro Disney,tienda,97,18.458685,-97.388613,https://mitehuacan.mx/?ruta=41
3,Exxotica Sex Shop Tienda,tienda,97,18.463017,-97.392338,https://mitehuacan.mx/?ruta=41
3,Informatica Aplicada De Tehuacan,tienda,97,18.460942,-97.392379,https://mitehuacan.mx/?ruta=41
3,Venta De Plantas Medicinales Sin Nombre,tienda,97,18.461583,-97.390365,https://mitehuacan.mx/?ruta=41
3,Elegance By Mabel,tienda,98,18.457929,-97.392445,https://mitehuacan.mx/?ruta=41
3,Venta De Veladoras San Juditas,tienda,99,18.461584,-97.390508,https://mitehuacan.mx/?ruta=41
3,Bazar De Ropa Sin Nombre,tienda,100,18.466774,-97.386063,https://mitehuacan.mx/?ruta=41
3,Optica Central,tienda,100,18.463018,-97.392366,https://mitehuacan.mx/?ruta=41
3,Pinturas Comex Sucursal Hidalgo,tienda,100,18.455446,-97.392494,https://mitehuacan.mx/?ruta=41
3,Venta De Ropa Usada Sin Nombre,tienda,100,18.462784,-97.388494,https://mitehuacan.mx/?ruta=41
3,Expendio De Pan Bimbo,tienda,101,18.430048,-97.375716,https://mitehuacan.mx/?ruta=41
3,Tienda De Pinturas Ipesa,tienda,101,18.457526,-97.390568,https://mitehuacan.mx/?ruta=41
3,Venta De Gorras Y Ropa Interior Sin Nombre Novedades,tienda,101,18.462783,-97.388484,https://mitehuacan.mx/?ruta=41
3,Carniceria Mi Lechoncito,tienda,102,18.430086,-97.375732,https://mitehuacan.mx/?ruta=41
3,Distribuidora Naturista Herbosan,tienda,102,18.460895,-97.390426,https://mitehuacan.mx/?ruta=41
3,Prodetap Proveedor De Articulos Para Tapiceria,tienda,102,18.464923,-97.390424,https://mitehuacan.mx/?ruta=41
3,Romss Venta De Carnes,tienda,102,18.460831,-97.388503,https://mitehuacan.mx/?ruta=41
3,Venta De Cruces Villanueva,tienda,102,18.458648,-97.390502,https://mitehuacan.mx/?ruta=41
3,Tienda De Artesanias De Madera Sin Nombre,tienda,103,18.460236,-97.392447,https://mitehuacan.mx/?ruta=41
3,Venta De Cafe Cafe La Giralda,tienda,103,18.460788,-97.390487,https://mitehuacan.mx/?ruta=41
3,Almacenes Veana Sucursal Tehuacan,tienda,104,18.460945,-97.39244,https://mitehuacan.mx/?ruta=41
3,Gas Natural Y Lp De Tehuacan,tienda,104,18.440091,-97.379574,https://mitehuacan.mx/?ruta=41
3,Tienda De Pañales Mi Bebe,tienda,105,18.460895,-97.390455,https://mitehuacan.mx/?ruta=41
3,Venta De Libros El Santuario Del Anime,tienda,105,18.467024,-97.392355,https://mitehuacan.mx/?ruta=41
3,Tienda De Abarrotes Mercado Negro,tienda,107,18.447577,-97.384014,https://mitehuacan.mx/?ruta=41
3,Tiendita Doña Cris,tienda,107,18.426695,-97.370664,https://mitehuacan.mx/?ruta=41
3,Venta De Ropa Sin Nombre,tienda,108,18.448038,-97.384272,https://mitehuacan.mx/?ruta=41
3,7/24,tienda,108,18.458785,-97.392528,https://mitehuacan.mx/?ruta=41
3,724 Super 102 Tehuacan Paseo Hidalgo,tienda,109,18.458804,-97.392536,https://mitehuacan.mx/?ruta=41
3,Venta De Productos De Limpieza Vanjaq,tienda,109,18.453474,-97.390733,https://mitehuacan.mx/?ruta=41
3,El Jarocho Carnicerias Suc Tehuacan,tienda,111,18.460739,-97.38842,https://mitehuacan.mx/?ruta=41
3,Optica Optizone,tienda,113,18.459643,-97.392554,https://mitehuacan.mx/?ruta=41
3,Optica Bulas,tienda,114,18.45977,-97.392559,https://mitehuacan.mx/?ruta=41
3,Tienda De Cintas Plasticas Para Elaborar Bolsas La Antigua J,tienda,115,18.460033,-97.392568,https://mitehuacan.mx/?ruta=41
3,Pasteleria Cristal,tienda,117,18.460738,-97.388363,https://mitehuacan.mx/?ruta=41
3,Carniceria Santiago,tienda,118,18.453344,-97.388594,https://mitehuacan.mx/?ruta=41
3,Tienda De De Colchas Concord,tienda,118,18.46373,-97.387055,https://mitehuacan.mx/?ruta=41
3,Becondom Sex Shop,tienda,119,18.466926,-97.392491,https://mitehuacan.mx/?ruta=41
3,Estacionamiento Privado Abarrotes La Corona,tienda,120,18.460738,-97.388335,https://mitehuacan.mx/?ruta=41
3,Abarrotes Vinos Y Licores Fandango,tienda,123,18.458571,-97.38837,https://mitehuacan.mx/?ruta=41
3,Panaderia Miriam,tienda,123,18.466206,-97.383521,https://mitehuacan.mx/?ruta=41
3,Tienda De Ropa De Disfraces,tienda,124,18.45745,-97.388389,https://mitehuacan.mx/?ruta=41
3,Cafeteria Le Cholat,tienda,126,18.461502,-97.392641,https://mitehuacan.mx/?ruta=41
3,Coth56 Servicio Total A Bordo Tehuacan Au,tienda,126,18.458667,-97.388338,https://mitehuacan.mx/?ruta=41
3,Optica Del Angel,tienda,126,18.460737,-97.388278,https://mitehuacan.mx/?ruta=41
3,Bazar Sin Nombre,tienda,127,18.451499,-97.38387,https://mitehuacan.mx/?ruta=41
3,Venta De Productos De Limpieza Sin Nombre,tienda,127,18.451004,-97.386633,https://mitehuacan.mx/?ruta=41
3,Venta De Ropa Usada,tienda,128,18.45858,-97.392718,https://mitehuacan.mx/?ruta=41
3,Mh Mega Helth,tienda,129,18.45716,-97.392743,https://mitehuacan.mx/?ruta=41
3,Bazar Sin Nombre,tienda,131,18.447443,-97.381306,https://mitehuacan.mx/?ruta=41
3,Pasteleria La Artesanal,tienda,131,18.458811,-97.392745,https://mitehuacan.mx/?ruta=41
3,Cafe Gano Excel,tienda,133,18.463594,-97.387062,https://mitehuacan.mx/?ruta=41
3,Pasteleria La Cereza,tienda,133,18.46082,-97.388209,https://mitehuacan.mx/?ruta=41
3,Del Sol Sucursal 2239 Tehuacan,tienda,135,18.463029,-97.39269,https://mitehuacan.mx/?ruta=41
3,Woolworth,tienda,135,18.463514,-97.392683,https://mitehuacan.mx/?ruta=41
3,Bazar Sin Nombre,tienda,136,18.454889,-97.392795,https://mitehuacan.mx/?ruta=41
3,Aparatos Ortopedicos Orthomott,tienda,137,18.462891,-97.388139,https://mitehuacan.mx/?ruta=41
3,Bazar Doña Vero,tienda,140,18.447408,-97.381195,https://mitehuacan.mx/?ruta=41
3,Venta De Ropa Sin Nombre,tienda,141,18.463522,-97.387066,https://mitehuacan.mx/?ruta=41
3,Bodega Sin Nombre,tienda,146,18.45866,-97.388149,https://mitehuacan.mx/?ruta=41
3,Tienda Accesorios Importadora Veracruz,tienda,147,18.458816,-97.392894,https://mitehuacan.mx/?ruta=41
3,Tintorería Tehuacán,tintorería,5,18.464826,-97.389153,https://mitehuacan.mx/?ruta=41
3,BarberShop,tintorería,38,18.464847,-97.391034,https://mitehuacan.mx/?ruta=41
3,Mg Parabrisas,vidriería,0,18.454139,-97.387414,https://mitehuacan.mx/?ruta=41
3,Vidrios Y Aluminos Vap,vidriería,0,18.455412,-97.38934,https://mitehuacan.mx/?ruta=41
3,Vidreria Mendoza,vidriería,4,18.464815,-97.388843,https://mitehuacan.mx/?ruta=41
3,Vidrios Y Aluminios La Economica,vidriería,4,18.448187,-97.383132,https://mitehuacan.mx/?ruta=41
3,Vidrieria Sin Nombre,vidriería,6,18.441955,-97.380413,https://mitehuacan.mx/?ruta=41
3,Cristal Teh,vidriería,8,18.453825,-97.387357,https://mitehuacan.mx/?ruta=41
3,Vidrios Y Aluminios Vimac,vidriería,8,18.466941,-97.39008,https://mitehuacan.mx/?ruta=41
3,Vidrios Y Aluminios Arquitectonicos De Mexico,vidriería,16,18.46407,-97.389286,https://mitehuacan.mx/?ruta=41
3,Vidrios Y Aluminio De Jesus,vidriería,55,18.465853,-97.384111,https://mitehuacan.mx/?ruta=41
3,Aluminios Aluvid,vidriería,64,18.464848,-97.390787,https://mitehuacan.mx/?ruta=41
3,Vidrios Y Aluminios Sin Nombre,vidriería,70,18.453318,-97.387693,https://mitehuacan.mx/?ruta=41
3,Vidrios Y Aluminios Franco,vidriería,73,18.458097,-97.39024,https://mitehuacan.mx/?ruta=41
3,Superfil Canceleria De Aluminio,vidriería,84,18.454412,-97.391945,https://mitehuacan.mx/?ruta=41
3,Bodega De Vidri Sin Nombre,vidriería,118,18.441559,-97.381508,https://mitehuacan.mx/?ruta=41
3,Vidrieria Sin Nombre,vidriería,131,18.44718,-97.381174,https://mitehuacan.mx/?ruta=41
3,Vivero Natural Green,vivero,0,18.460708,-97.389473,https://mitehuacan.mx/?ruta=41
3,Vivero Adelita,vivero,1,18.425522,-97.371681,https://mitehuacan.mx/?ruta=41
3,Floreria Los Girasoles Tehuacan,vivero,2,18.445931,-97.381971,https://mitehuacan.mx/?ruta=41
3,Floreria V&J,vivero,3,18.464799,-97.38558,https://mitehuacan.mx/?ruta=41
3,Vivero Juquilita,vivero,3,18.427414,-97.374834,https://mitehuacan.mx/?ruta=41
3,Floreria Chuchin,vivero,4,18.457161,-97.389529,https://mitehuacan.mx/?ruta=41
3,Floreria Guadalupe,vivero,4,18.448241,-97.383161,https://mitehuacan.mx/?ruta=41
3,El Vivero Del Florecita,vivero,5,18.446,-97.381873,https://mitehuacan.mx/?ruta=41
3,Floristeria Donnatela,vivero,5,18.442018,-97.380442,https://mitehuacan.mx/?ruta=41
3,Floreria Rosy,vivero,15,18.463283,-97.389305,https://mitehuacan.mx/?ruta=41
3,Venta De Flores Sin Nombre,vivero,27,18.461948,-97.391178,https://mitehuacan.mx/?ruta=41
3,Venta De Hoja De Tamal,vivero,27,18.461948,-97.391178,https://mitehuacan.mx/?ruta=41
3,Venta De Hojas De Platano Sin Nombre,vivero,27,18.461948,-97.391178,https://mitehuacan.mx/?ruta=41
3,Floreria Flores Y Colores,vivero,30,18.467178,-97.391425,https://mitehuacan.mx/?ruta=41
3,Arreglos Flor Cerezo,vivero,33,18.457406,-97.38988,https://mitehuacan.mx/?ruta=41
3,Floreria D Xochitl,vivero,40,18.461575,-97.389825,https://mitehuacan.mx/?ruta=41
3,Vivero,vivero,41,18.419592,-97.374277,https://mitehuacan.mx/?ruta=41
3,Floreria El Clavel,vivero,52,18.461577,-97.389939,https://mitehuacan.mx/?ruta=41
3,Floreria Jade,vivero,78,18.462789,-97.388702,https://mitehuacan.mx/?ruta=41
3,Vivero Mar Y Vida,vivero,86,18.457377,-97.388752,https://mitehuacan.mx/?ruta=41
3,Bodega De Floreria Detalles,vivero,89,18.461501,-97.390292,https://mitehuacan.mx/?ruta=41
3,Floreria Adelita,vivero,89,18.461501,-97.390292,https://mitehuacan.mx/?ruta=41
3,Floreria Angelito,vivero,89,18.461501,-97.390292,https://mitehuacan.mx/?ruta=41
3,Floreria Detalles,vivero,89,18.461501,-97.390292,https://mitehuacan.mx/?ruta=41
3,Floreria Emmanuel,vivero,89,18.461501,-97.390292,https://mitehuacan.mx/?ruta=41
3,Floreria Joselyn,vivero,89,18.461501,-97.390292,https://mitehuacan.mx/?ruta=41
3,Floreria Juquilita,vivero,89,18.461501,-97.390292,https://mitehuacan.mx/?ruta=41
3,Floreria Ramos,vivero,89,18.461501,-97.390292,https://mitehuacan.mx/?ruta=41
3,Floreria Sin Nombre,vivero,89,18.461501,-97.390292,https://mitehuacan.mx/?ruta=41
3,Floreria San Antonio,vivero,90,18.461586,-97.390593,https://mitehuacan.mx/?ruta=41
3,Floreria Bety,vivero,94,18.461502,-97.39034,https://mitehuacan.mx/?ruta=41
3,Floreria El Campesino,vivero,98,18.461502,-97.390378,https://mitehuacan.mx/?ruta=41
3,Floreria Betty,vivero,101,18.461503,-97.390406,https://mitehuacan.mx/?ruta=41
3,Floreria Flor Y Arte,vivero,113,18.459671,-97.392555,https://mitehuacan.mx/?ruta=41
3,Floreria Emmanuel,vivero,133,18.462775,-97.388181,https://mitehuacan.mx/?ruta=41
